Small Room
48*35
2.7280*2.9254|0|0
-220,-30
Border: Solid




0

1|1|1|1|1|1|1|1|1|1|1|1|1|1|1|1|1|1|1|1|1|1|1|1|1|1|1|1|1|1|1|1|1|1|1|1|1|1|1|1|1|1|1|1|1|1|1|1|1|1|1|1|1|1|1|1|1|1|1|1|1|1|1|1|1|1|1|1|1|1|1|1|1|1|1|1|1|1|1|1|1|1|1|1|1|1|1|1|1|1|1|1|1|1|1|1|1|1|1|1|1|1|1|1|1|1|1|1|1|1|1|1|1|1|1|1|1|1|1|1|1|1|1|1|1|1|1|1|1|1|1|1|1|1|1|1|1|1|1|1|1|1|1|1|1|1|1|1|1|1|1|1|1|1|1|1|1|1|1|1|1|1|1|1|1|1|1|1|1|1|1|1|1|1|1|1|1|1|1|1|1|1|1|1|1|1|1|1|1|1|1|1,3|1,3|1,3|1,3|1,3|1,3|1,3|1,3|1,3|1,3|1,3|1,3|1|1|1|1|1|1|1|1|1|1|1|1|1|1|1|1|1|1|1|1|1|1|1|1,3|1|1|1|1|1|1|1|1|1|1|1,3|1|1|1|1|1|1|1|1|1|1|1|1|1|1|1|1|1|1|1|1|1|1|1|4,3,6|1|1|1|1|1|1|1|1|1|1|1,3|1|1|1|1|1|1|1|1|1|1|1|1|1|1|1|1|1|1|1|1|1|1|1|0,6|1|1|1|1|1|1|1|1|1|1|1,3|1|1|1|1|1|1|1|1|1|1|1|1|1,3|1,3|1,3|1,3|1,3|1,3|1,3|1,3|1,3|1,3|1,3|0,3,6|1,3|1,3|1,3|1,3|1,3|1,3|1|1|1|1|1,3|1|1|1|1|1|1|1|1|1|1|1|1|1,3|0,6|0,6|0,7,6|1|1|1|1|1|1|1|0,6|1|1|1|1|1|1,3|1|1|1|1|1,3|1|1|1|1|1|1|1|1|1|1|1|1|1,3|0,6|0,6|0,6|3,6|0,6|0,6|0,6|0,6|0,6|0,6|0,6|0,6|0,6|0,6|0,6|1|1,3|1,3|4,3,6|0,6|0,6|1,3|1|1|1|1|1|1|1|1|1|1|1|1|1,3|0,6|0,6|0,6|1|1|1|1|1|1|1|1|1|1|1|0,6|1|1|1|1|1|0,6|1,3|1|1|1|1|1|1|1|1|1|1|1|1|1,3|1|0,6|1|1|1|1|1,4,3|1|1,3|1,3|1,3|1,3|1,3|1,3|0,3,6|1,3|1,3|1,3|1|1|0,6|1,3|1|1|1|1|1|1|1|1|1|1|1|1|1,3|1|0,6|1|1|1|1|4,3,6|1|4,3,6|1|1|1|1|1|0,6|3,6|0,6|0,3,6|0,6|0,6|0,6|1,3|1|1|1|1|1|1|1|1|1|1|1|1|1,3|1|0,6|1|1|1|1|0,6|1|0,6|1|1|1|1|1|0,6|1|1|1,3|1|1|0,6|1,3|1|1|1|1|1|1|1|1|1|1|1|1|1,3|1|0,6|1|1|1|0,6|0,6|0,6|0,6|3,6|0,6|0,6|0,6|0,6|0,6|0,6|1|1,3|1|1|0,6|1,3|1|1|1|1|1|1|1|1|1|1|1|1|1,3|1|0,6|1|1|1|0,6|0|0|0|3|0|0|0|0|0|0,6|1|1,3|1|1|0,6|1,3|1|1|1|1|1|1|1|1|1|1|1|1|1,3|1|0,6|1|1|1|0,6|0|0|0|0|0|0|0|0|0|0,6|1|1,3|4,3,6|0,6|0,6|1,3|1|1|1|1|1|1|1|1|1|1|1|1|1,3|1,3|0,3,6|1,3|4,3,6|0,6|0,6|0|0|0|0|0|0|0|0|0|0,6|1|1|1|1|0,6|1,3|1|1|1|1|1|1|1|1|1|1|1|1|1|1|0,6|1|1|1|0,6|0|0|0|0|0|0|0|0|0|0,6|1|1|1|1|0,6|2,3,6|1|1|1|1|1|1|1|1|1|1|1|1|1|1|0,1,6|0,1,6|0,1,6|0,1,6|0,1,6|0,1|0,1|0,1|0,1|0,1|0,1|0,1|0,1|0,1|0,1,6|3,1,6|4,3,6|1,5,3|1|0,6|0,3,6|2|1|1|1|1|1|1|1|1|1|1|1|1|1|1|1|1|1|0,6|0|0|0|0|0|0|0|0|0|0,7,6|1|1|1|1|0,6|0,3,6|0,7|1|1|1|1|1|1|1|1|1|1|1|1|1|1|1|1|1|0,6|0|0|0|0|0|0|0|0|0|0,7,6|1|1|1|1|0,6|0,3,6|0,7|1|1|1|1|1|1|1|1|1|1|1|1|1|1|1|1|1|0,6|0|0|0|0|0|0|0|0|0|0,7,6|1|1|1|1|0,6|0,3,6|0,7|1|1|1|1|1|1|1|1|1|1|1|1|1|0,1,6|0,1,6|0,1,6|0,1,6|0,1,6|0,1|0,1|0,1|0,1|0,1|0|0|0|0|0,6|3,6|4,3,6|1,4,3|1|0,6|0,3,6|0,7|1|1|1|1|1|1|1|1|1|1|1|1|1|0,6|1|1|1|0,6|0|0|0|0|0|0|0|0|0|0,6|1|1|1|1|0,6|0,3,6|2|1|1|1|1|1|1|1|1|1|1|1|1|1|0,6|1|1|1|0,6|0|0|0|0|0|0|0|0|0|0,6|1|1|1|1|0,6|2,3,6|1|1|1|1|1|1|1|1|1|1|1|1|1|1|0,6|0,6|0,6|0,6|0,6|0|0|0|0|0|0|0|0|0|0,6|3,6|4,3,6|1,4,3|1|0,6|1,3|1|1|1|1|1|1|1|1|1|1|1|1|1|1|0,6|1|1|1|0,6|0|0|0|0|0|0|0|0|0|0,6|1|1|1|1|0,6|1,3|1|1|1|1|1|1|1|1|1|1|1|1|1|1|0,6|1|1|1|0,6|0|0|0|3|0|0|0|0|0|0,6|1|1|1|1|0,6|1,3|1|1|1|1|1|1|1|1|1|1|1|1|1|1|0,6|1|1|1|0,6|0,6|0,6|0,6|3,6|0,6|0,6|0,6|0,6|0,6|0,6|1|1|1|1|0,6|1,3|1|1|1|1|1|1|1|1|1|1|1|1|1|1|0,6|1|1|1|1|0,6|1|0,6|1|1|1|1|1|0,6|1|1|1|1|1|0,6|1,3|1|1|1|1|1|1|1|1|1|1|1|1|1|1|0,6|1|1|1|1|4,3,6|1|0,6|1|1|1|1|1|0,6|1|1|1|1|1|0,6|1,3|1|1|1|1|1|1|1|1|1|1|1|1|1|1|0,6|1|1|1|1|1,4,3|1|0,6|1|1|1|1|1|0,6|1|1|1|1|1|0,6|1,3|1|1|1|1|1|1|1|1|1|1|1|1|1|0,6|0,6|0,6|3,6|0,6|4,3,6|1,3|1,3|0,3,6|1,3|1,3|4,3,6|0,6|0,6|0,6|1|1|1|1|1|0,6|1,3|1|1|1|1|1|1|1|1|1|1|1|1|1|0,6|0,6|0,7,6|1|1|1|1|1|0,6|1|1|1|1|1|0,6|1|1|1|1|1|0,6|1,3|1|1|1|1|1|1|1|1|1|1|1|1|1|0,6|0,6|0,7,6|1|1|1|1|1|0,6|1|1|1|1|1|0,6|1|1|1|1|1|0,6|1,3|1|1|1|1|1|1|1|1|1|1|1|1|1|1|1|1|1|1|1|1|1|0,6|0,6|0,6|0,6|0,6|0,6|0,6|0,6|0,6|0,6|0,6|0,6|0,6|1,3|1|1|1|1|1|1|1|1|1|1|1|1|1|1|1|1|1|1|1|1|1|1|1|0,6|1|1|1|1|1|1|1|1|1|1|1,3|1|1|1|1|1|1|1|1|1|1|1|1|1|1|1|1|1|1|1|1|1|1|1|4,3,6|1|1|1|1|1|1|1|1|1|1|1,3|1|1|1|1|1|1|1|1|1|1|1|1|1|1|1|1|1|1|1|1|1|1|1|1,3|1|1|1|1|1|1|1|1|1|1|1,3|1|1|1|1|1|1|1|1|1|1|1|1|1|1|1|1|1|1|1|1|1|1|1|1,3|1,3|1,3|1,3|1,3|1,3|1,3|1,3|1,3|1,3|1,3|1,3|1|1|1|1|1|1|1|1|1|1|1|1|1|1|1|1|1|1|1|1|1|1|1|1|1|1|1|1|1|1|1|1|1|1|1|1|1|1|1|1|1|1|1|1|1|1|1|1|1|1|1|1|1|1|1|1|1|1|1|1|1|1|1|1|1|1|1|1|1|1|1|1|1|1|1|1|1|1|1|1|1|1|1|1|1|1|1|1|1|1|1|1|1|1|1|1|1|1|1|1|1|1|1|1|1|1|1|1|1|1|1|1|1|1|1|1|1|1|1|1|1|1|1|1|1|1|1|1|1|1|1|1|1|1|1|1|1|1|1|1|1|1|1|1|1|1|1|1|1|1|1|1|1|1|1|1|1|1|1|1|1|1|1|1|1|1|1|1|1|1|1|1|1|1|1|1|1|1|1|1|1|1|
camera angles:50.0000,0.2000;-74,0.2000;-72,0.3000;-114,0.1500
