Diagonal Drop
48*35
3.7257*4.2338|0|0
-220,-30
Border: Solid




0

1|1|1|1|1|1|1|1|1|1|1|1|1|1|1|1|1|1|1|1|1|1|1|1|1|1|1|1|1|1|1|1|1|1|1|1|1|1,3|1,3|1,3|1,3|1,3|1,3|1,3|1,3|1,3|1,3|1,3|1,3|1,3|1,3|1,3|1,3|1,3|1,3|1,3|1,3|1,3|1,3|1,3|1,3|1,3|1,3|1,3|1,3|1,3|1,3|1|1|1|1|1|1,3|1|1|1|1|1|1|1|1|1|1|1|1|1|1|1|1|1|1|1|1|1|1|1|1|1|1|1|1|4,3,6|1|1|1|1|1|1,3|1|1|1|1|1|1|1|1|0,6|0,6|0,6|0,6|1|1|0,6|0,6|0,6|0,6|0,6|1|1|1|1|1|1|1|1|1|0,6|1|1|1|1|1|4,3,6|1|1|0|0|0|0|1|1|0|0|0|0|1|1|0|0|0|0|0|1|1|0|0|0|0|0|0|0|0|1|1|1|1|1|0,6|1|1|0|0|0|0|1|1|0|0|0|0|1|1|0|0|0|0|0|1|1|0|0|0|0|0|0|0|0|1|1|1|1|2|0|1|1|0|0|0|0|1|1|0|0|0|0|1|1|0|0|0|0|0|1|1|0|0|0|0|0|0|0|0|1|1|1|1|0|0|3,6|0,6|0|0|0|0|1|1|0|0|0|0|1|1|0|0|0|0|0|1|1|0|0|0|0|0,6|0,6|0,6|0,6|1|1|1|1|0|0|1|1|0|0|0|0|1|1|0|0|0|0,7|1|1|0|0|0|0|0|0,2,6|0,6|0|0|0|0,6|0,6|0,6|0,6|0,6|1|1|1|1|0|0|1|1|0|0|0|0|1|1|0|0|0|0,7|1|1|0|0|0|0|0|0,2,6|0,6|0|0|0|0|0|0|0|0|1|1|1|1|0|0|1|1|0|0|0|0|1|1|0|0|0|0,7|1|1|0|0|0|0|0|0,2,6|0,6|0|0|0|0|0|0|0|0|1|1|1|1|0|0|3,6|0,6|0|0|0|0|0|0|0|0|0|0|0,6|0,6|0|0|0|0|0|0,2|0|0|0|0|0|0|0|0|0|1|1|1|1|0|0|1|1|0|0|0|0|0|0|0|0|0|0|0,6|0,6|0|0|0|0|0|0,2|0|0|0|0|0|0|0|0|0|1|1|1|1|0|0|1|1|0|0|0|0|0|0|0|0|0|0|0,6|0,6|0|0|0|0|0|0,2|0|0|0|0|0|0|0|0|0|1|1|1|1|0|0|1|1|0|0|0|0|0|0|0|0|0|0|0|0|0|0|0|0|0|0,2|0|0|0|0|0|0|0|0|0|1|1|1|1|0|0,7|1|1|0|0|0|0|0|0|0|0|0|0|0|0|0|0|0|0|0|0,2|0|0|0|0,7|1|1|0,6|0,6|0,6|1|1|1|1|0|0,7|1|1|0|0|0|0|0|0|0|0|0|0|0|0|0|0|0|0|0|0|0|0|0|0,7|1|1|0,6|0,6|0,6|1|1|1|1|0|0,7|1|1|0|0|0|0|0|0|0|0|0|0|0|0|0|0|0|0|0|0|0|0|0|0|0|0|0|0|0,6|1|1|1|1|0|0|1|1|0|0|0|0|0|0,7|1|1|0|0|0|0|0|0|0|0|0|0|0|0|0|0|0|0|0|0|0,6|1|1|1|1|0|0|1|1|0|0|0|0|0|0,7|1|1|0|0|0|0|0|0|0|0|0|0|0|0|0|0|1|1|0,6|0,6|0,6|1|1|1|1|0|0|1|1|0|0|0|0|0|0|1|1|0|0|0|0|0|0|0|0|0|0|0|0|0|0|1|1|0,6|0,6|0,6|1|1|1|1|0|0|0,6|0,6|0|0|0|0|0|0|0,6|0,6|0|0|0|0|0|0|0|0|0|0|0|0|0|0|0|0|0|0|0,6|1|1|1|1|0|0|0,6|0,6|0|0|1|1|0|0|0,6|0,6|0|0|0|0|0|0|0|0|0|0|0|0|0|0|0|0|0|0|0,6|1|1|1|1|0|0|0,6|0,6|0|0|1|1|0|0|0,6|0,6|0|0|0|0|0|0|0|0|0|0|0|0|0|0|1|1|0,6|0,6|0,6|1|1|1|1|0|0|0,6|0,6|0|0|1|1|0|0|0,6|0,6|0|0|0|0|0|0|0|0|0|0|0|0|0|0|1|1|0,6|0,6|0,6|1|1|1|1|0|0|0,6|0,6|0|0|1|1|0|0|0,6|0,6|0|0|0|0|0|0|0|0|0|0|0|0|0|0|0|0|0|0|0|1|1|1|1|0|0|0,6|0,6|0|0|0,6|0,6|0|0|0,6|0,6|0|0|0|0|0|0|0|0|0|0|0|0|0|0|0|0|0|0|0|1|1|1|1|0|0|1|1|0|0|0,6|0,6|0|0|0,6|0,6|0|0|0|0|0|0|0|0|0|0|0|0|0|0|0|0|0|0|0|1|1|1|1|0|0|1|1|0|0|0,6|0,6|0|0|0,6|0,6|0|0|0|0|1|1|0|0|0|0|0|0|0|0|0|0|0|0|0|1|1|1|1|0|0|1|1|0|0|0,6|0,6|0|0|0,6|0,6|0|0|0|0|1|1|0|0|0|0|0|0|0|0|0|0|0|0|0|1|1|1|1|0|0|1|1|0|0|0,6|0,6|0|0|0,6|0,6|0|0|0|0|1|1|0|0|0|0|0|0|0|0|0|0|0|0|0|1|1|1|1|0|0|1|1|0|0|0,6|0,6|0|0|0,6|0,6|0|0|0|0|1|1|0|0|0|0|0|0|0|0|0|0|0|0|2|1|1|1|1|0|0|1|1|0|0|1|1|0|0|0,6|0,6|0|0|0|0|1|1|0|0|0|0|0|0|0|0|0,6|0,6|0,6|2,6|1|1|1|1|1|0|0|1|1|0|0|1|1|0|0|0,6|0,6|0|0|0|0|0,6|0,6|0|0|0|0|0|0|0|0,6|0,6|0,6|2,6|1|1|1|1|1|1|0,1|0,1|3,1,6|0,1,6|0,1|0,1|1|1|0|0|0,6|0,6|0|0|0|0|0,6|0,6|0|0|0|0|0|0|0|0|0|0|1|1|1|1|1|1|1|0|0|1|1|0|0|1|1|0|0|0,6|0,2,6|0|0|0|0|0,6|0,6|0|0|0|0|0|0|0|0|0|0|1|1|1|1|1|1|1|0|0|1|1|0|0|1|1|0|0|0,6|0,2,6|0|0|0|0|0,6|0,6|0|0|0|0|0|0|0|0|0|0|1|1|1|1|1|1|1|0|0|1|1|0|0|0,6|0,6|0|0|0,6|0,2,6|0|0|0|0|0,6|0,6|0|0|0|0|0|0|0|0|0|0|1|1|1|1|1|1|1|0|0|1|1|0|0|0,6|0,6|0|0|0,6|0,2,6|0|0|0|0|0,6|0,6|0|0|0|0|1|1|0|0|0|0|3,6|4,3,6|1,3|1,3|1,3|1|1|0|0|1|1|0|0|0,6|0,6|0|0|0,6|0,2,6|0|0|0|0|0,6|0,6|0|0|0|0|1|1|0|0|0|0|1|1|1|1|1,3|1|1|0|0|1|1|0|0|0,6|0,6|0|0|1|1|0|0|0|0,7|1|1|0|0|0|0|1|1|0|0|0|0|1|1|1|1|1,3|1|1|2|0|1|1|0|0|0,6|0,6|0|0|1|1|0|0|0|0,7|1|1|0|0|0|0|1|1|0|0|0|0|3,6|4,3,6|1,4,3|1|1,3|1|1|1|0,6|1|1|0|0|0,6|0,6|0|0|1|1|0|0|0|0,7|1|1|0|0|0|0|1|1|0|0|0|0|1|1|1|1|1,3|1|1|1|4,3,6|1|1|0|0|0,6|0,6|0|0|1|1|0|0|0|0,7|1|1|0|0|0|0|1|1|0|0|0|0|3,6|4,3,6|1,5,3|1|1,3|1|1|1|1,3|1|1|0|0|0,6|0,6|0|0|1|1|0|0|0|0|1|1|0|0|0|0|1|1|0|0|0|0|1|1|1|1|1,3|1|1|1|1,3|1|1|1|1|1|1|1|1|1|1|0,6|0,6|0,6|0,6|1|1|0,6|0,6|0,6|0,6|1|1|1|1|1|1|1|1|1|1|1,3|1|1|1|1,3|1,3|1,3|1,3|1,3|1,3|1,3|1,3|1,3|1,3|1,3|1,3|1,3|1,3|1,3|1,3|1,3|1,3|1,3|1,3|1,3|1,3|1,3|1,3|1,3|1,3|1,3|1,3|1,3|1,3|1,3|1,3|1|1|1|1|1|1|1|1|1|1|1|1|1|1|1|1|1|1|1|1|1|1|1|1|1|1|1|1|1|1|1|1|1|1|1|1|
camera angles:94.3161,0.4466;118.6482,0.5003;51.5414,0.1787;-2.2704,0.5919
