moshPit
72*43
4.5290*4.3591|0|0
21,14
Border: Solid




0

1|1|1|1|1|1|1|1|1|1|1|1|1|1|1|1|1|1|1|1|1|1|1|1|1|1|1|1|1|1|1|1|1|1|1|1|1|1|1|1|1|1|1|1|1|1|1|1|1|1|1|1|1|1|1|1|1|1|1|1|1|1|1|1|1|1|1|1|1|1|1|1|1|1|1|1|1|1|1|1|1|1|1|1|1|1|1|1|1|1|1|1|1|1|1|1|1|1|1|1|1|1|1|1|1|1|1|1|1|1|1|1|1|1|1|1|1|1|1|1|1|1|1|1|1|1|1|1|1|1|1|1|1|1|1|1|1|1|1|1|1|1|1|1|1|1|1|1|1|1|1|1|1|1|1|1|1|1|1|1|1|1|1|1|1|1|1|1|1|1|1|1|1|1|1|1|1|1|1|1|1|1|1|1|1|1|1|1|1|1|1|1|1|1|1|1|1|1|1|1|1|1|1|1|1|1|1|1|1|1|1|1|1|1|1|1|1|1|1|1|1|1|1|1|1|1|1|1|1|1|1|1|1|1|1|1|1|1|1|1|1|1|1|1|1|1|1|1|1|1|1|1|1|1|1|1|1|1|1|1|1|1|1|1|1|1|1|1|1|1|1|1|1|1|1|1|1|1|1|1|1|1|1|1|1|1|1|1|1|1|1|1|1|1|1|1|1|1|1|1|1|1|1|1|1|1|1|1|1|1|1|1|1|1|1|1|1|1|1|1|1|1|1|1|1|1|1|1|1|1|1|1|1|1|1|1|1|1|1|1|1|1|1|1|1|1|1|1|1|1|1|1|1|1|1|1|1|1|1|1|1|1|1|1|1|1|1|1|1|1|1|1|1|1|1|1|1|1|1|1|1|1|1|1|1|1|1|1|1|1|1|1|1|1|1|1|1|1|1|1|1|1|1|1|1|1|1|1|1|1|1|1|1|1|1|1|1|1|1|1|1|1|1|1|1|1|1|1|1|1|1|1|1|1|1|1|1|1|1|1|1|1|1|1|1|1|1|1|1|1|1|1|1|1|1|1|1|1|1|1|1|1|1|1|1|1|1|1|1|1|1|1|1|1|1|1|1|1|1|1|1|1|1|1|1|1|1|1|1,3|1,3|1,3|1,3|1|1|1|1,3,5|1|1|1,3,5|1|1|1|1|1|1|1,3|1,3|1,3|1,3|1|1|1|1|1|1|1|1|1|1|1|1|1|1|1|1|1|1|1|1|1|1|1,3|1|1|4,3,6|1|1|1|4,3,6|1|1|4,3,6|1|1|1|1|1|1|1,3|1|1|4,3,6|1|1|1|1|1|1|1|1|1|1|1|1|1|1|1|1|1|1|1|1|1|1|1,3|1|1|0,6|1|1|1|0,6|1|1|0,6|1|1|1|1|1|1|1,3|1|1|0,6|1|1|1|1|1|1|1|1|1|1|1|1|1|1|1|1|1|1|1|1|1|1|1,3|1,3|2,3,6|0,3,6|0,3,6|0,3,6|0,3,6|0,3,6|0,3,6|0,3,6|0,3,6|2,3,6|1,3|1,3|1,3|1,3|1,3|1,3|1|1|0,6|1|1|1|1|1|1|1|1|1|1|1|1|1|1|1|1|1|1|1|1|1|1|1|1|0,6|0,6|0,6|0,6|0,6|0,6|0,6|0,6|0,6|0,6|1|1|1|1|1|1|1|2,6|0,6|1|1|1|1|1|1|1|1|1|1|1|1|1|1|1|1|1|1|1|2|0|0|0|0|0|0|0|0|0|0|0|0|0|0|0|0|0|0|0|0|0|0|0|1|1|1|1|1|1|1|1|1|1|1|1|1|1|1|1|1|1|2|0|0|0|0|0|0|0|0|0|0|0|0|0|0|0|0|0|0|0|0|0|0|0|0|1|1|1|1|1|1|1|1|1|1|1|1|1|1|1|1|1|2|0|0|0|0|0|0|0|0|0|0|0|0|0,7|1|1|1|0,1|0,1|0,1|0,1|0,1|0,1|0,1|0,1|0,1,7|1|1|1|1|1|1|1|1|1|1|1|1|1|1|1|1|1|0|0|0|1|1|0,6|1|1|1|0|0|0|0|0,7|1|1|1|0|0|0|0|0|0|0|0|0,7|1|1|1|1|1|1|1|1|1|1|1|1|1|1|1|1|1|0|0|0,7|1|1|0,6|1|1|1|0,1|0,1|0,1|0,1|0,1|1|1|1|0,1|0,1|0,1|0,1|0,1|0,1|0,1|0,1|0,1,7|1|1|1|1|1|1|1|1|1|1|1|1|1|1|1|1|1|0|0|0,7|1|1|0,6|2,6|1|1|0|0|0|0|0|0|0|0|0|0|1|1|1|0|0|0|0,7|1|1|1|1|1|1|1|1|1|1|1|1|1|1|1|1|1|0,1|0,1|0,1|1|1|0,6|0,6|1|1|0,1|0,1|0,1|0,1|0,1|0,1|0,1|0,1|0,1|0,1|1|1|1|0,1|0,1|0,1|0,1,7|1|1|1|1|1|1|1|1|1|1|1|1|1|1|1|1|1|0|0|0|1|1|0,6|0,6|1|1|0|0|0|0|0|0|0|0|0|0|1|1|1|0|0|0|0,7|1|1|1|1|1|1|1|1|1|1|1|1|1|1,3|1,3|4,3,6|0,6|0|0|0|3,6|0,6|0,6|0,6|1|1|0|0|0|0|0|0|0|0|0|0|0|0|0|0|0|0|0,7|1|1|1|1|1|1|1|1|1|1|1|1|1|1,3|1|1|1|0|0|0|1,3|1,3|1,3|0,3,6|1,3|1,3|0,3|0,3|0,3|0,7,3|1,3|1,3|1,3|0,3|0,3|0,3|0,3|0,3|0,3|0,3|0,3|0,3|0,3|3,3,6|1,3|1,3|1,3|1|1|1|1|1|1|1|1|1|1,3|1,3|1,3|1,3|0,3,6|0,3,6|0,3,6|1,3|1|1|0,6|1|1|0,1|0,1|0,1|0,1|1|1|1|0,1|0,1|0,1|0,1|0,1|0,1|0,1|1|1|1|3,6|1|1|1,3|1|1|1|1|1|1|1|1|1|1|1|1|1|0|0|0|1|1|1|0,6|1|1|0|0|0|0|1|1|1|0|0|0|0|0|0|0|1|1|1|3,6|0,6|4,3,6|1,3|1|1|1|1|1|1|1|1|1,3,4|1|1|1|1|0|0|0|0,2,6|0,6|0,6|0,6|0,2,6|0,6|0|0|0|0|0|0|0|0|0|0|0|0|0|0|1|1|1|3,6|1|1|1|1|1|1|1|1|1|1|1|4,3,6|1|1|1|1|0|0|0|0,2,6|0,6|0,6|0,6|0,2,6|0,6|0|0|0|0|0|0|0|0|0|0|0|0|0|0|0|0|0|3,6|1|1|1|1|1|1|1|1|1|1|1|0,6|1|1|1|1|0|0|0|0,2,6|0,6|0,6|0,6|1|1|0|0|1|1|1|0,1|0,1|0,1|0,1|0,1|0,1|0,1|0,1|0,1|0,1|0,1|0,1,7|1|1|1|1|1|1|1|1|1|1|0,6|0,6|0,6|1|1|1|1|0|0|0|0,2,6|0,6|0,6|0,6|1|1|0|0,7|1|1|1|0|0|0|0|0|0|0|0|0|0|0|0,7|1|1|1|1|1|1|1|1|1|1|0,6|0,6|0,6|3|0|0|0|0|0|0|0,2,6|0,6|0,6|0,6|0,2,6|0,6|0|0,7|1|1|1|0|0|0|0|0|0|0|0|0|0|0|0,7|1|1|1|1|1|1|1|1|1|1|0,6|0,6|0,6|3|0|0|0|0|0|0|0,2,6|0,6|0,6|0,6|0,2,6|0,6|0|0|0|0|0|0|0|1|1|1|0,1|0,1|0,1|0,1|0,1|0,1|0,1|1|1|1|1|1|1|1|1|1|1|0,6|0,6|0,6|3|0|0|0|0|0|0|0,2,6|0,6|0,6|1|1|1|0|0|0|0|0|0|0|1|1|1|0|0|0|1|1|1|0|1|1|1|1|1|1|1|1|1,3|1,3|0,3,6|0,3,6|0,3,6|3,3,6|0,3,6|0,3,6|0,3,6|0,3,6|0,3,6|0,3,6|0,2,3,6|0,3,6|0,3,6|1,3|1,3|1,3|0,1,3|0,1,3|0,1,3|0,1,3|0,1,3|0,1,3|0,1,3|1,3|1,3|1,3|0,1,3|0,1,3|0,1,3|1,3|1,3|1,3|0,1,3|1,3|1,3|1,3|1|1|1|1|1|1,3|1|0,6|0,6|0,6|3|0|0,1|0,1|0,1|0,1|0,1|0,2,1,6|0,1,6|0,1,6|1|1|1|0|0|0|0|0|0|0|0|0|0|0|0|0|1|1|1|0|1|1|1,3|1|1|1|1|1|1,3|1|0,6|0,6|0,6|3|0|0|0|0|0|0|0,2,6|0,6|0,6|0,6|0,6|0,6|0|0|0|0|0|0|0|0|0|0|0|0|0|0|0|0|0|1|1|1,3|1|1|1|1|1|1,3|1|0,6|0,6|0,6|3|0|0|0|0|0|0|0,2,6|0,6|0,6|0,6|0,6|0,6|0|0|0|0|0|0|0|0|0|0|0|0|0|0|0|0|0|1|1|1,3|1|1|1|1|1|1,3|1|0,6|0,6|0,6|1|1|0,6|1|0|0|0|0,2,6|0,6|0,6|0,6|0,6|0,7,6|1|1|1|0|0|0|0|0|0|0|0|0|0|0|0|0|0|1|1|1,3|1|1|1|1|1|1,3|1|1|1|0,6|1|1|4,3,6|1|0|0|0,7|1|1|0,6|0,6|0,6|0,7,6|1|1|1|0,1|0,1|1|1|1|0,1|0,1|0,1|0,1|0,1|0,1|0,1|0,1|0,1|1|1|1,3|1|1|1|1|1|1,3|1|1|1|4,3,6|1|1,3|1,3|1|0|0|0,7|1|1|0,6|0,6|0,6|0,7,6|1|1|1|0|0|1|1|1|0|0|1|1|1|1|1|0|0|1|1|1,3|1|1|1|1|1|1,3|1|1|1|1,3,4|1|1,3|1|1|0|0|0|0,2,6|0,6|0,6|0,6|0,6|0,6|0|0|0|0|0|1|1|1|0,1|0,1|1|1,3|1,3|1,3|1|0|0|1|1|1,3|1|1|1|1|1|1,3|1|1|1|1|1|1,3|1|1|0|0|0|0,2,6|1|1|1|0,6|0,6|0|0|0|0|0|0|0|0|0|0|1|1,3|1|4,3,6|1|0|0|1|1|1,3|1|1|1|1|1|1,3|1,3|1,3|1,3|1,3|1,3|1,3|1|1,3|0,3,6|0,3,6|0,3,6|0,2,7,3,6|1,3|1,3|1,3|0,1,3,6|0,1,3,6|0,1,3|0,1,3|0,1,3|0,1,3|0,1,3|0,1,3|0,1,3|0,1,3|0,1,3|0,1,3|1,3|1,3|1|0,6|1|0,1|0,1|1|1|1,3|1|1|1|1|1|1|1|1|1|1|1|1|1|1,3|0|0|0|0,2,7,6|1|1|1|0,1,6|1|1|1|0|0|0|0|0|0|0|0|1|1|1|0,6|1|0|0|3,6|4,3,6|1,3|1|1|1|1|1|1|1|1|1|1|1,3|1,3|1,3|1,3|0|0|0|0,2,6|0,6|0,6|0,6|0,6|1|1|1|0|0|1|1|1|0|0|0|3,6|0,6|0,6|0,6|1|0|0|1|1|1|1|1|1|1|1|1|1|1|1|1|1,3|1|1|1|0|0|0|0,2,6|0,6|0,6|0,6|0,6|1|1|1|0,1|0,1|1|1|1|0,1|0,1|0,1|1|1|0,1,6|0,1,6|1|0,1|0,1|1|1|1|1|1|1|1|1|1|1|1|1|1|1,3|1,3|4,3,6|0,6|0|0|0|0,2,6|0,6|0,6|0,6|0,6|0,6|0|0|0|0|1|1|1|0|0|0|1|1|0,6|0,7,6|1|0|0|1|1|1|1|1|1|1|1|1|1|1|1|1|1|1|1|1|0|0|0|0,2,6|0,6|0,6|0,6|0,6|0,6|0|0|0|0|0|0|0|0|0|0|1|1|0,6|0,7,6|1|0|0|1|1|1|1|1|1|1|1|1|1|1|1|1|1|1|1|1|0|0|0|0,2,6|0,6|0,6|0,6|0,6|0,6|0|0|0|0|0|0|0|0|0|0|1|1|0,6|0,6|3,6|0|0|1|1|1|1|1|1|1|1|1|1|1|1|1|1|1|1|1|0|0|0|0,2,6|0,6|1|1|1|0,6|0|0|0|0|0|0|1|1|0|0|1|1|1|1|1|0|0|1|1|1|1|1|1|1|1|1|1|1|1|1|1|1|1|1|0|0|0|0,2,6|0,6|1|1|1|0,1,6|0,1|0,1|0,1|0,1|0,1|0,1|1|1|0,1|0,1|1|1|1|1|1|0|0|1|1|1|1|1|1|1|1|1|1|1|1|1|1|1|1|1|2|0|0|0,2,6|0,6|1|1|1|0,6|0|0|0|0|0|0,7|1|1|0|0|0,6|0,6|0,6|0,6|0,6|0|0|1|1|1|1|1|1|1|1|1|1|1|1|1|1|1|1|1|1|2|0|0,2,6|0,6|0,6|0,6|0,6|0,6|0|0|0|0|0|0,7|1|1|0,1|0,1|0,1,6|0,1,6|0,1,6|0,1,6|0,1,6|0,1|0,1|1|1|1|1|1|1|1|1|1|1|1|1|1|1|1|1|1|1|1|2|0,2,6|0,6|0,6|0,6|0,6|0,6|0|0|0|0|0|0|0|0|0|0|0,6|0,6|0,6|0,6|0,6|0|0|1|1|1|1|1|1|1|1|1|1|1|1|1|1|1|1|1|1|1|1|1|1|1|1|0,6|0,6|0,6|0,6|0,6|0,6|0,6|0,6|0,6|0,6|1|1|1|1|1|1|1|2,6|0,6|1|1|1|1|1|1|1|1|1|1|1|1|1|1|1|1|1|1|1|1|1|1|1,3|1,3|2,3,6|0,3,6|0,3,6|0,3,6|0,3,6|0,3,6|0,3,6|0,3,6|0,3,6|2,3,6|1,3|1,3|1,3|1,3|1,3|1,3|1|1|0,6|1|1|1|1|1|1|1|1|1|1|1|1|1|1|1|1|1|1|1|1|1|1|1,3|1|1|0,6|1|1|1|1|1|1|0,6|1|1|1|1|1|1|1,3|1|1|0,6|1|1|1|1|1|1|1|1|1|1|1|1|1|1|1|1|1|1|1|1|1|1|1,3|1|1|4,3,6|1|1|1|1|1|1|4,3,6|1|1|1|1|1|1|1,3|1|1|4,3,6|1|1|1|1|1|1|1|1|1|1|1|1|1|1|1|1|1|1|1|1|1|1|1,3|1,3|1,3|1,3|1|1|1|1|1|1|1,3,5|1|1|1|1|1|1|1,3|1,3|1,3|1,3|1|1|1|1|1|1|1|1|1|1|1|1|1|1|1|1|1|1|1|1|1|1|1|1|1|1|1|1|1|1|1|1|1|1|1|1|1|1|1|1|1|1|1|1|1|1|1|1|1|1|1|1|1|1|1|1|1|1|1|1|1|1|1|1|1|1|1|1|1|1|1|1|1|1|1|1|1|1|1|1|1|1|1|1|1|1|1|1|1|1|1|1|1|1|1|1|1|1|1|1|1|1|1|1|1|1|1|1|1|1|1|1|1|1|1|1|1|1|1|1|1|1|1|1|1|1|1|1|1|1|1|1|1|1|1|1|1|1|1|1|1|1|1|1|1|1|1|1|1|1|1|1|1|1|1|1|1|1|1|1|1|1|1|1|1|1|1|1|1|1|1|1|1|1|1|1|1|1|1|1|1|1|1|1|1|1|1|1|1|1|1|1|1|1|1|1|1|1|1|1|1|1|1|1|1|1|1|1|1|1|1|1|1|1|1|1|1|1|1|1|1|1|1|1|1|1|1|1|1|1|1|1|1|1|1|1|1|1|1|1|1|1|1|1|1|1|1|1|1|1|1|1|1|1|1|1|1|1|1|1|1|1|1|1|1|1|1|1|1|1|1|1|1|1|1|1|1|1|1|1|1|1|1|1|1|1|1|1|1|1|1|1|1|1|1|1|1|1|1|1|1|1|1|1|1|1|1|1|1|1|1|1|1|1|1|1|1|1|1|1|1|1|1|1|1|1|1|1|1|1|1|1|1|1|1|1|1|1|1|1|1|1|1|1|1|1|1|1|1|1|1|1|1|1|1|1|1|1|1|1|1|1|1|1|1|1|1|1|1|1|1|1|1|1|1|1|1|1|1|1|1|1|1|1|1|1|1|1|1|1|1|1|1|1|1|1|1|1|1|1|1|1|1|1|1|1|1|1|1|1|1|1|1|1|1|1|1|1|1|1|1|1|1|1|1|1|1|1|1|1|1|1|1|1|1|1|1|1|1|1|1|1|1|1|1|1|1|1|1|1|1|1|1|1|1|1|1|1|1|1|1|1|1|1|1|1|1|1|1|1|1|1|1|1|1|1|1|1|1|1|
camera angles:90,0.6000;-58,0.2000;92.0000,0.4500;74,0.6500
