Fan Pit
52*39
3.6109*4.7918|0|0
-180,30
Border: Solid




0

1|1|1|1|1|1|1|1|1|1|1|1|1|1|1|1|1|1|1|1|1|1|1|1|1|1|1|1|1|1|1|1|1|1|1|1|1|1|1|0|0|0|0|0,2|0|0|0|0|0|0|0|0|1|1|1|1|1|1|1|1|1|1|1|1|1|1|1|1|1|1|1|1|1|1|1|1|1|1|0|0|0|0|0,2|0|0|0|0|0|0|0|0|1|1|1|1|1|2,6|0,6|0,6|0,6|0,6|0,6|0,6|0,6|0,6|0,6|4,3,6|1,3|1,3|1,3|1,3|1,3|1,3|1,3|1|1|1|0|0|0|0|0,2|0|0|0|0|0|0|0|0|3,6|4,3,6|1,3|1|1|0,6|0,6|1|1|1|1|1|1|0,6|1|1|1|1|1|1|1|1|1,3|1|1|1|0,1|0,1|0,1|0,1|0,2,1|0,1|0,1|0,1,7|1|1|0|0|0|1|1|1,3|1|1|0,6|0,6|3,6|0,6|0|0|0|0|0|0,7,6|1|1|1|1|1|1|1|1,3|1|1|1|0|0|0|0|0,2|0|0|0|1|1|0|0|0,7|1|1|1,3|1|1|0,6|0,6|3,6|0,6|0|0|0|0|0|0,7,6|1|1|1|1|1,5,3|1|1|1,3|1|1|1|0|0|0|0|0,2|0|0|0|1|1|0|0|0,7|1|1|1,3|1|1|0,6|1|1|1|0|0|0|0|0|0,7,6|1|1|1|1|4,3,6|1|1|1,3|1|1|1|0,1|0,1|0,1|0,1|0,2,1|0,1|0,1|0,1|1|1|0|0|0|1|1|1,3|1|1|0,6|1|1,4,3|1|0|0|0|0|0|0,6|1|1|1|1|0,6|1|1|1,3|1|1|1|0|0|0|0|0|0|0|0|0|0|0|0|0,7|1|1|1,3|1|1|0,6|1|4,3,6|1|0,6|0,6|0,6|0,6|0,6|0,6|3,6|0,6|0,6|0,6|0,6|1|1|4,3,6|1|1|1|0|0|0|0|0|0|0|0|0|0|0|0|0|1|1|1,3|1|1|0,6|1|0,6|1|1|1|1|1|1|1|1|1|1|1|0,6|1|1|0,6|1|1|1|0,1|0,1|0,1|0,1|0,1|0,1|0,1|1|1|1|0|0|0|0|0|0,3,6|0,2|0|0|0|0|0|0|1|1|1|1|1|1|1|1|1|0,6|0,6|0,6|0,6|1|1|1|0|0|0|0|0|0|0|1|1|1|0|0|0|0|0|0,3,6|0,2|0|0|0|0|0|0|1|1|1|1|1|1|1|1|1|0,6|1|1|0,6|1|1|1|0,1|0,1|0,1|0,1|0,1|0,1|0,1|1|1|1|0|0|0|0|0|0,3,6|0,2|0|0|0|0|0|0|3,6|0,6|0,6|0,6|0,6|0,6|0,6|0,6|0,6|0,6|1|1|0,6|1|1|1|0|0|0|0|0|0|0|0|0|0|0|0|1|1|1|0,1,3,6|0,2,1|0,1|0,1|0,1|0,1|0,1|0,1|1|1|1|1|1|1|1|1|1|1|1|1|0,6|1|1|1|0,1|0,1|0,1|0,2,1|0,1,6|0,1,6|0,1,6|0,1|0,2,1|0,1|0,1|0,1|1|1|1|0,3,6|0|0|0|0|0|0|0|1|1|1|1|1|1|1|1|1|1|1|1|0,6|1|1|1|0|0|0|0,2|0,6|0,6|0,6|0|0,2|0|0|0,7|1|1|1|0,3,6|0,3,6|0,3,6|0,3,6|0,3,6|0,3,6|0,3,6|0,3,6|1,3|1,3|1,3|1,3|1,3|1,3|1,3|1,3|1,3|1,3|1,3|1,3|0,6|1|1|1|0|0|0|0,2|0,6|0,6|0,6|0|0,2|0|0|0|0|0|0|0|0|0|0|0|0|0|0|0|0|0|0|0|0|0|0|0|0|0|0,3,6|0,6|1|1|1|0|0|0|0,2|0|0|0|0|0,2|0|0|0|0|0|0|0,6|0,6|0,6|0|0|0|0|0|0|0|0|0|0|0|0|0|0|0|0|0,3,6|0,6|1|1,5,3|1|0,1|0,1|0,1|0,2,1|0,1|0|0|0|0,2|0|0|0,2|0|0|0|0,6|0,6|0,6|0|0|0|0|0|0|0|0|0|0|0|0|0|0|0|0|0,3,6|0,6|1|4,3,6|1|0|0|0|0,2|0|0|0|0|0,2|0|0|0,2|0|0|0|0,6|0,6|0,6|0|0|0|0|0|0|0|0|0|0|0|0|0|0|0|0|0,3,6|0,6|1|0,6|1|0|0|0|0|0|0|0|0|0,2|0|0|0,2|0|0|0|0|0|0|0|0|0|0|0|0|0|0|0|0|0|0|0|0|0|0|0,3,6|0,6|3,6|0,6|1|0,1|0,1|0,1|0,1|1|1|1|0|0,2|0|0|0,2|0|0|0|0|0|0|0|0|0|0|0|0|0|0|0|0|0|0|0|0|0|0|0,3,6|0,6|3,6|0,6|1|0|0|0|0,7|1|1|1|0|0,2|0|0|0,2|0|0|0|0|1|1|1|0|0|0|0|3|0|0|0|0|0,6|0,6|0,6|0,6|0,6|0,6|0,3,6|0,6|3,6|0,6|1|0|0,1|0,1|0,1|1|1|1|0,1|0,2,1|0,1,6|0,1,6|0,2,1,6|0,1|0,1|0,1|0,1|1|1|1|0|0|0|0,7|1|1|1|1|0|0,6|1|1|1|1|1|1,3|1|3,6|0,6|1|0|0|0|0|0|0,2|0|0|0|0,6|0,6|0,6|0|0|0|0,7|1|1|1|0|0|0|0,7|1|1|1|1|1|1|1|1|1|1|1|1,3|1|3,6|0,7,6|1|0|0|0|0|0|0,2|0|0|0|0,6|0,6|0,6|0|0|0|0|0|0|0|0|0|0|0,7|1|1|1|1|1|1|1|0,6|0,6|0,6|1|4,3,6|1|3,6|0,7,6|1|0|0|0|0|0,6|0,2,6|0,6|0|0|0|0|0|0|0|0|0|0|0|0|0|0|0|0,7|1|1|1|1|0|0,6|1|1|1|1|1|0,6|1|3,6|0,6|1|0|0|0|0|0,6|0,2,6|0,6|0|0|0|0|0|0|0|0|0|0|0|0|0|0|0|0|3|0|0|0|0|0,6|0,6|0,6|0,6|0,6|0,6|0,6|0,6|3,6|0,6|1|0,1|0,1|0,1|0,1|0,1,6|0,2,1,6|0,1,6|0,1|0,1|0,1|1|1|1|0|0|0,1|0,1|0,1|0,1|0,1|0,1|0,1|0,1|0,1|0,1|0,1|0,1|0,1|0,1,6|0,1,6|0,1,6|0,1,6|0,1,6|0,1,6|0,1,6|0,1,6|3,1,6|0,1,6|1|0|0|0|0|0|0,2|0|0|0|0,7|1|1|1|0|0|0|0|0|0|0|0|0|0,7|1|1|1|1|0|0,6|1|1|1|1|1|0,6|1|3,6|0,6|1|0,1|0,1|0,1|0,1|0,2,1|0,1|0,1|0,1|0,2,1|0,1|1|1|1|0|0|0|0|0|0|0|0|0|0,7|1|1|1|1|1|1|1|0,6|0,6|0,6|1|4,3,6|1|3,6|0,6|1|0|0|0|0|0,2|0|0|0|0,2|0|0|0|0|0|0|0|0|0|0|0|0|0|0,7|1|1|1|1|1|1|1|1|1|1|1|1,3|1|3,6|0,6|1|0|0|0|0|0,2|0|0|0|0,2|0|0|0|0|0|0|0|0|0|0|0|0|0|0,7|1|1|1|1|0|0,6|1|1|1|1|1|1,3|1|3,6|0,6|1|0|0|0|0|0,2|0|0|0|0,2|0|0|0|0|0|0|0|0|0|0|0|0|0|0|0|0|0|0|0|0,6|0,6|0,6|0,6|0,6|0,6|0,3,6|0,6|3,6|0,6|1|0|0|0|0|0,2,6|0,6|0,6|0,1|0,2,1|0,1|0,1|0,1,6|0,1,6|0,1,6|0,1|0,2,1|0|0|0|0|0|0|0|0|0|0|0|0|0|0|0|0|0|0|0,3,6|0,6|3,6|0,6|1|0|0|0|0|0,2,6|0,6|0,6|0|0|0|0|0,6|0,6|0,6|0|0,2|0|0|0|0|0|0|0|0|0|0|0|0|0|0|0|0|0|0|0,3,6|0,6|3,6|0,6|1|0,1|0,1|0,1|0,1|0,2,1,6|0,1,6|0,1,6|0,1|1|1|0|0,6|0,6|0,6|0|0,2|0|0|0|0|0|0|0|0|0|0|0|0,2|0|0|0|0|0|0|0,3,6|0,6|1|0,6|1|0|0|0|0|0|0|0|0,7|1|1|0|0|0|0|0|0,2|0|0|0|0|0|0|0|0,1|0,2,1|0,1|0,1|0,2,1|0,1|0,1|0,2,1|0,1|0,1|0,2,1|0,1,3,6|0,1,6|1|4,3,6|1|0|0|0|0|0|0|0|0,7|1|1|0|0|0|0|0|0,2|0|0|0|0|0|0|0|0|0,2|0|3|0|0|0|0,2|0|0|0,2|0,3,6|0,6|1|1,3|1|0,1|0,1|0,1|0,1|0,1|0,1|0,1|0,1|1|1|0|0|0|0|0|0,2|0|0|0|0|0|0|0|0|0,2|0|3|0|0|0|0,2|0|0|0,2|0,3,6|0,6|1|1,3|1|0|0|0|0|0,1|0,1|0,1|0,1|0,1|0,1|0,1|0,2,1|0,1|0,1|0,1|0,2,1|0,1|0,1,3,6|0,1,3,6|0,1,3,6|0,1,3,6|0,1,3,6|0,1,3,6|1,3|1,3|0,3,6|1,3|1,3|1,3|1,3|1,3|1,3|1,3|1,3|1,3|1|1|1,3|1|0|0|0|0|0|0|0|0|0|0|0|0,2|0|0|0|0|0|0,3,6|0|0|0|0|0,7|1|1|0,6|1|1|1|1|1|1|1|1|1|1|1|1,3|1|0|0|0|0|0|0|0|0|0|0|0|0,2|0|0|0|0|0|0,3,6|0|0|0|0|0,7|1|0,6|0,6|0,6|1|1|1|1|1|1|1|1|1|1|1,3|1|0|0|0|0|0|0|0|0|0|0|0|0,2|0|0|0|0|0|3,3,6|0|0|0|0|0,7|1|0,6|0|0,6|3,6|4,3,6|1,5,3|1|1|1|1|1|1|1|1,3|1|0|0|0|0|0|0|0|0|0|0|0|0,2|0|0|0|0|0|3,3,6|0|0|0|0|0|1|0,6|0|0,7,6|1|1|1|1|1|1|1|1|1|1|1,3|1|0|0|0|0|0|1|1|1|0|0|0|0,2|0|1|1|1|0,6|1,3|1|1|0,6|1|0,6|1|0,6|0|0,7,6|1|1|1|1|1|1|1|1|1|1|1,3|1|0,1|0,1|0,1|0,1|0,1|1|1|1|0|0|0|0|0,7|1|1|1|0,6|1,3|1|1|4,3,6|1|4,3,6|1|0,6|0|0,7,6|1|1|1|1|1|1|1|1|1|1|1,3|1|0|0|0|0|0|1|1|1|0|0|0|0|0,7|1|1|1|0,6|1,3|1|1|1,4,3|1|1,3|1,3|2,3,6|0,3|2,3,6|1,3|1,3|1,3|1,3|1,3|1,3|1,3|1,3|1,3|1,3|1,3|1|0|0|0|0|0|0|0,2|0|0|0|0|0|0|1|1|1|0,6|1,3|1|1|1|1|1|1|1|0|1|1|1|1|1|1|1|1|1|1|1|1|1|0|0|0|0|0|0|0,2|0|0|0|0|0|0|3,6|4,3,6|1,3|0,3,6|0,3,6|0,6|0,6|0,6|0,6|0,6|0,6|0,6|0|1|1|1|1|1|1|1|1|1|1|1|1|1|0|0|0|0|0|0|0,2|0|0|0|0|0|0|1|1|1|1|1|1|1|1|1|1|1|1|1|1|1|1|1|1|1|1|1|1|1|1|1|1|1|1|1|1|1|1|1|1|1|1|1|1|1|1|1|1|1|1|1|1|1|1|1|1|1|1|1|1|1|1|1|1|1|1|1|1|1|1|1|
camera angles:-78,0.4500;-38.0000,0.6500;-154,0.5000;46.0000,0.6500
