Pipemaze
52*40
3.6880*1.8440|0|0
-179,0
Border: Passable




0

1|1|1|1|1|1|1|1|1|1|1|1|1|1|1|1|1|1|1|1|1|1|1|1|1|1|1|1|1|1|1|1|1|1|1|1|1|1|1|1|1|1|1|1|1|1|1|1|1|1|1|1|1|1|1|1|1|1|1|1|1|1|1|1|1|1|1|1|1|1|1|1|1|1|1|1|1|1|1|1|1|1|1|1|1|1|1|0,6|0,6|0,6|0,6|0,7,6|1|1|1|1|1|1|1|1|1|1|1|1|1|1|1|1|1|1|1|1|1|1|1|1|1|1|1|1|1|1|1|1|1|1|1|0,6|0,6|0,6|0,6|0,7,6|1|1,3|1,3|1,3|1,3|1,3|1,3|1,3|1,3|4,3,3,6|0,6|0,6|1|1|1|1|2,6|0,6|0,6|0,2,6|0,6|0,6|1|1|1|1|1|1|1|1|1|1|1|1|1|1|1|0,6|1|1|1|1,3|1|1|1|1|1|1|1|1|1|0,6|1|1|1|2,6|0,6|0,6|0,6|0,2,6|0,6|0,6|3,6|4,3,6|1,3|1,3|1,3|1|1|1|0,6|0,6|0,6|0,6|0,6|0,6|0,6|0,6|0,6|0,6|0,6|0,3,6|0,6|0,6|0,6|0,6|0,6|0,6|0,6|0,6|0,6|0,6|0,6|0,6|0,6|0|0|0|0|0,2|0|0|1|1|1|1|1,3|1|1|1|0,6|1|1|1|1,3|1,3|1,3|1|1|0,6|1|1,3|1|1|1|1|1|1|0,6|1|1|1|1|1|1|0|0|0|0|0,2|0|0|1|1|1|1|1,3|1|1|1|0,6|1|1|1|1,3|1|1,3|1|1|0,6|1|1,3|1|1|1|1|1|1|0,6|1|1|1|1|1|1|2,6|0,6|0,6|0,6|0,2,6|0,6|0,6|3,6|4,3,3,6|1,3|1|1,3|1|1|1|0,6|1|1|1|4,3,6|1|1,3|1|1|0,6|1|1,3|1|0,6|0,6|0,6|0,6|0,6|0,6|0,6|0,6|0,6|0,6|1|1|1|2,6|0,6|0,6|0,2,6|0,6|0,6|1|1|1,3|1|1,3|1|1|1|0,6|1|1|1|0,6|1|1,3|1|1|0,6|1|1,3|1|0,6|1|1|1|1|1|1|1|1|0,6|1|1|1|1|1|1|1|1|1|1|1|1,3|1|1,3|1|1|1|0,6|1|1|1|0,6|1|1,3|1|1|0,6|1|1,3|1|0,6|1|1|1|1|1|1|1|1|0,6|1|1|1|0|0|3,6|0,6|3,6|4,3,6|1,4,3|1|1,3|1|1,3|1|1|1|0,6|0,6|0|0|0|0|1,3|1|1|0,6|1|1,3|1|0,6|1|1|1|1|1|1|1|1|0,6|1|1|1|0|0|3,6|0,6|1|1|1|1|1,3|1|1,3|1|1|1|0,6|1|1|0|0|0|3,3,6|0,6|0,6|0,6|0,6|0,3,6|0,6|0,6|0,6|0,6|0,6|0,6|0,6|1|1|1|0,6|0,6|4,3,6|1,3|1,3|1,3|1,3|0,3,6|1,3|1,3|1|1|1,3|1|1,3|1|1|1|0,6|0,6|0|0|0|0,7|1,3|1|1|1|1|1,3|1|0,6|1|1|1|1|0,6|1|1|1|0,6|1|1|1|1|1|1|0,6|1|1,3|1|1|1,3|1|1,3|1|1|1|0,6|1|1|0|0|0,7|1,3|1|1|1|1|1,3|1|0,6|1|1|1|1|0,6|1|1|1|0,6|1|1|1|0|0|3,6|0,6|1|1,3|1|1|1,3|1|1,3|1|1|1|0,6|0,6|0|0|0|0,7|1,3|1|1|1|1|1,3|1|0,6|1|1|1|1|0,6|1|1|1|0,6|1|1|1|0|0|3,6|0,6|3,6|0,3,6|0,6|0,6|1,3|1|1,3|1|1|1|0,6|1|1|0|0|0|3,3,6|0,6|0,6|0,6|0,6|0,3,6|0,6|0,6|0,6|4,3,6|1,3|1,3|0,6|1|1|1|0,6|0,6|4,3,6|1,3|1,3|1,3|1,3|0,3,6|1,3|1,3|1,3|0,3,6|1,3|1|1,3|1|1|1|0,6|0,6|0|0|0|0|1,3|1|1|1|1|1,3|1|1|1|1|1|1,3|0,6|1|1|1|0,6|1|1|1|1|1|1|0,6|1|1,3|1|0,6|1|1|1,3|1|1|1|0,6|1|1|0|0|0|1,3|1|1|1|1|1,3|1,3|1,3|1,3|1,3|1,3|1,3|0,6|1|1|1|0,6|1|1|1|0|0|3,6|0,7,6|1|1,3|1|0,6|1|1|1,3|1|1|1|0,6|0,6|0|0|0|0|1,3|1|1|1|1|1|1|1|1|1|1|1|0,6|1|1|1|0,6|1|1|1|0|0|3,6|0,7,6|1|1,3|1|0,6|1|1|1,3|1|1|1|0,6|1|1|0|0|0|0,3,6|0,6|0,6|0,6|0|0|0,6|0,6|0|0|0,6|0,6|0|0|0,6|0,6|0|0|1|1|1|1|1|0,6|1|1,3|1|0,6|1|1|1,3|1|1|1|0,6|0,6|0|0|0|0|0,3,6|0,6|0,6|0,6|0|0|0,6|0,6|0|0|0,6|0,6|0|0|0,6|0,6|0|0|1|1|1|1|1|0,6|1|1,3|1|0,6|1|1|1,3|1|1|1|1|0,6|1|0,6|1|0,6|1,3|1|1|1|1|1|1|1|1|1|0,6|1|1|1|1|1|0,6|0,6|1|1|0|0|3,6|0,6|1|1,3|1|0,6|1|1|1,3|1|1|1|1|4,3,6|1|0,6|1|0,6|1,3|1|1|1|1|1|1|1|1|1|0,6|1|1|1|1|1|0,6|0,6|1|1|0|0|3,6|0,6|3,6|0,3,6|0,6|0,6|1|1|1,3|1|1|1|1|1,4,3|1|0,6|1|0,6|1,3|1|1|1|1|1|1|1|1|1|0,6|1|1|1|1|1|0|0|1|1|1|1|1|0,6|1|1,3|1|0,6|1|1,3|1,3|1|1|1|1|0,6|1|0,3,6|1,3|0,3,6|1,3|1,3|1,3|0,3,6|1,3|1,3|0,3,6|1,3|1|0,6|0,6|1|0,6|1|1|1|0|0|1|1|1|1|1|0,6|1|1,3|1|4,3,6|1|1,3|1|1|1|1|1|0,6|0,6|0,3,6|1|0,6|1,3|1|1|0,6|1|1|0,6|1,3|1|0,6|0,6|1|0,6|1|1|1|0,6|0,6|3,6|0,6|0,6|0,6|0,6|0,6|1|1,3|1|1,3|1,3|1,3|1,3|1,3|1|1|1|0,6|1|0,3,6|1|0,6|1,3|1|1|0,6|1|1|0,6|1,3|1|0,6|1|1|0,6|1|1|1|0,6|0,6|1|1|1|1|1|1|1|1,3|1|1|1|1,3|1|1,3|1|1|1|0,6|1|0,3,6|1|0,6|1,3|1|1|0,6|0,6|1|0,6|0,3,6|1|0,6|0,6|1|0,6|0,6|1|1|0|0|3,6|0,6|0,6|0,6|0,6|0,6|0,6|0,3,6|0,6|0,6|4,3,2,6|1,3|1|1,3|1|1|1|0,6|1|0,3,6|1|0,6|1,3|1|1|0,6|0,6|1|0,6|0,3,6|1|0,6|0,6|1|0,6|0,6|1|1|0|0|1|1|1|1|1|1|1|1,3|0,6|1|1|1|1|1,3|1|1|1|0,6|1|0,3,6|1|0,6|1,3|1|1|0,6|1|1|0,6|1,3|1|0,6|1|1|0,6|1|1|1|0,6|0,6|3,6|0,6|0,6|0,6|0,6|0,6|1|1,3|0,6|1|1|1|1|1,3|1|1|1|0,6|1|0,3,6|1|0,6|1,3|1|1|0,6|1|1|0,6|1,3|1|0,6|1|1|0,6|1|1|1|0,6|0,6|1|1|1|1|1|0,6|1|1,3|0,6|1|1|1|1|1,3|1|1|1|0,6|0,6|0,3,6|1|0,6|0,3,6|0,6|0,6|0,6|0,6|0,6|0,6|0,3,6|0,6|0,6|0,6|0,6|0,6|1|1|1|0|0|1|1|0|0|3,6|0,6|1|1,3|0,6|1|1|1|1|1,3|1|1|1|0,6|1|1,3|1|1,3|1,3|1|1|1|0,6|1|1|1,3|1|1|0,6|0,6|0,6|1|1|1|0|0,7|1|1|0|0|3,6|0,6|1|1,3|0,6|1|1|1|1|1,3|1|1|1|4,3,6|1|1,3|1|1,3|1|1|1|1|0,6|1|1|1,3|1|1|0,6|0,6|0,6|0,6|0,6|1|0,6|0,7,6|1|1|1|1|1|0,6|1|1,3|0,6|1|1|1|1|1,3|1|1|1|1,5,3|1|4,3,6|1|4,3,6|1|1|1|1|0,6|1|1|1,3|1|1|0,6|0,6|0,6|0,6|0,6|1|0,6|0,7,6|1|1|1|1|1|0,6|1|1,3|0,6|0,6|4,3,3,6|1,3|1,3|1,3|1|1|1|1|1|0,6|1|0,6|1|0|0|0|0|0,7|1|1,3|1|1|1|1|1|1|1|1|0|0,7|1|1|0|0|3,6|0,6|1|1,3|0,6|1|1|1|1|1|1|1|1|1|1|0,6|1|0,6|1|0|0|0|0|0,7|1|1,3|1|1|1|1|1|1|1|1|0|0,7|1|1|0|0|3,6|0,6|1|1,3|0,6|1|1|1|1|1|1|1|1|1|1|0,6|1|0,6|1|0|0|0|0|0,7|1|1,3|1|1|1|1|1|1|1|1|0,6|0,7,6|1|1|1|1|1|0,6|1|1,3|0,6|1|1|1|1|1|1|1|1|1|1|0,6|1|0,6|1|0|0|0|0|0|3,6|0,3,6|0,6|0,6|0,6|0,6|0,6|0,6|0,6|0,6|0,6|0,6|1|1|1|1|1|4,3,3,6|1|1,3|0,6|1|1|1|1|1|1|1|1|0,1|0,1|0,1|0,2,1|0,1|0,2,1|0,1|0,1|0,1|0,1|0,1|1|1,3|1|1|0,6|1|1|1|1|1|1|1|1|1|1|1|1|1,3|1,3|1,3|0,6|1|1|1|1|1|1|1|1|0|0|0|0,2|0|0,2|0|0|0|0|0|1|1,3|1|1|0,6|1|1|1|0,6|0,6|0,6|1|0,6|0,6|0,6|0,6|0,6|0,6|0,6|0,6|0,6|1|1|1|1|1|1|1|1|0|0|0|0,2|0|0,2|0|0|0|0|0|1|1,3|1|1|0,6|1|1|1|0,6|0,6|0,6|1|0,6|0,6|0,6|0,6|0,6|0,6|0,6|0,6|0,6|1|1|1|1|1|1|1|1|0,6|0,6|0,6|0,2,6|0,6|0,2,6|0,6|0,6|0,6|0,6|2,6|1|4,3,3,6|1|1|0,6|1|1|1|1|0,6|1|1|1|1|0,6|1|1|1|1|0,6|1|1|1|1|1|1|1|1|1|0,6|0,6|0,6|0,2,6|0,6|0,2,6|0,6|0,6|0,6|2,6|1|1|0,6|1|1|0,6|0,6|0,6|0,6|0,6|0,6|0,6|1|1|1|0,6|1|1|0,6|0,6|0,6|0,6|1|1|1|1|1|1|1|1|0|0|0|0,2|0|0,2|0|0|0|1|1|0,6|0,6|0,6|1|0,6|0,6|0,6|0,6|0,6|0,6|0,6|1|1|1|0,6|1|1|0,6|0,6|0,6|0,6|1|1|1|1|1|1|1|1|0|0|0|0,2|0|0,2|0|0|0,7|1|1|0,6|0,6|0,6|1|1|1|1|1|1|1|1|1|0,6|0,6|0,6|0,7,6|1|1|1|1|1|1|1|1|1|1|1|1|1|0,1|0,1|0,1|0,2,1|0,1|0,2,1|0,1|0,1|0,1,7|1|1|1|1|0,6|1|1|1|1|1|1|1|1|1|0,6|0,6|0,6|0,7,6|1|1|1|1|1|1|1|1|1|1|1|1|1|1|1|1|1|0,6|1|0,6|1|1|1|1|0,6|0,6|0,6|0,6|0,7,6|1|1|1|1|1|1|1|1|1|1|1|1|1|1|1|1|1|1|1|1|1|1|1|1|1|1|1|1|4,3,6|1|4,3,6|1|1|1|1|0,6|0,6|0,6|0,6|0,7,6|1|1|1|1|1|1|1|1|1|1|1|1|1|1|1|1|1|1|1|1|1|1|1|1|1|1|1|1|1,5,3|1|1,4,3|1|1|1|1|1|1|1|1|1|1|1|1|1|1|1|1|1|1|1|1|1|1|1|1|1|1|1|1|1|1|1|1|1|1|1|1|1|1|1|1|1|1|1|1|1|1|1|1|1|1|1|1|1|1|1|1|1|1|1|1|1|1|1|1|1|1|1|1|1|1|
camera angles:68.8742,0.2650;56.8484,0.1709;69.9486,0.4927;68.0664,0.6573
