Shaft
52*40
2.2341*3.4071|0|0
-178,0
Border: Passable




0

1|1|1|1|1|1|1|1|1|1|1|1|1|1|1|1|1|1|1|1|1|1|1|1|1|1|1|1|1|1|1|1|1|1|1|1|1|1|1|1|1|1|2,6|0,6|0,6|0,6|0,6|0,6|4,3,6|1,3|1|1|1|1|1|1|0,6|0,6|0,6|0,6|0,6|0,6|0,6|0,6|0,6|1|1|1|1|1|1|1|1|1|1|1|1|1|1|1|1|1|0,6|2,6|1|1|0,6|1|1|1,3|1|1|1|1|1|1|0,6|1|1|1|1|1|0,6|0,6|0,6|3,6|0,6|4,3,6|1,3,4|1|1|0,6|0,6|0,6|0,6|0,6|0,6|0,6|1|1|1|1|0,6|1|1|1|0,6|1|1|1,3|1|1|2,6|0,6|0,6|0,6|0,6|0,6|0,6|1|1|1|0,6|0,6|0,6|1|1|1|1|1|1|0,6|1|1|1|1|1|0,6|1|1|1|1|0,6|1|1|2,6|0,6|1|1|1,3|1|1|0,6|0,6|1|1|1|1|0,6|1|1|1|1|1|0,6|1|1|0,6|0,6|0,6|0,6|0,6|0,6|0,6|0,6|0,6|1|0,6|1|1|1|1|0,6|1|1|0,6|0,6|1|1|1,3|1|1|0,6|0,6|1|1|1|1|0,6|1|1|1|1|1|0,6|1|1|0,6|1|1|1|1|1|1|1|0,6|1|0,6|2,6|1|1|1|0,6|1|1|0,6|0,6|0,6|0,6|0,3,6|0,6|0,6|0,6|0,6|1|1|1|1|0,6|3,6|0,6|0,6|0,6|0,6|0,6|0,6|0,6|0,6|0,6|0,6|1|1|0,6|0,6|0,6|0,6|1|2,6|0,6|1|1|1|0,6|1|1|0,1,6|0,1,6|0,1,6|0,1,6|0,1,3,6|0,1,6|0,1,6|0,1,6|0,1,6|1|1|1|1|0,6|1|1|1|1|1|0,6|1|1|1|1|0,6|1|1|0,6|0|0|0,7,6|1|1|0,6|1|1|1|0,6|1|1|0,6|0,6|1|1|1,3|1|1|0,6|0,6|0,6|0,6|0,6|0,6|0,7,6|1|1|1,4,3|4,3,6|0,6|0,6|1|1|1|1|0,6|1|1|0,6|0|0|0,7,6|1|1|0,6|1|1|1|0,6|1|1|0,6|0,7,6|1|1|1,3|1|1|0,6|0,6|0,6|0,6|0,6|0,6|0,7,6|1|1|1|1|1|0,6|1|1|1|1|0,6|0,6|0,6|0,6|0,6|0,6|0,7,6|1|1|0,6|1|1|1|0,6|1|1|0,6|0,7,6|1|1|1,3|1|1|0,6|0,6|1|1|1|0,6|0,7,6|1|1|1|1|1|0,6|1|1|1|1|0,6|1|1|0,6|0|0|0,7,6|1|1|0,6|1|1|1|0,6|0,6|0,6|0,6|0,7,6|1|1|1,3|1|1|0,6|0,6|1|1|1|0,1,6|0,1,6|0,1,6|0,1,6|0,1,6|0,1,6|0,1,6|0,1,6|1|1|1|1|0,6|1|1|0,6|0|0|0,7,6|1|1|0,6|1|1|1|0,6|1|1|0,6|0,7,6|1|1|1,3|1|1|0,6|0,6|1|1|1|0,6|0,6|0,6|0,6|0,6|0,6|0,6|0,6|1|1,5,3|4,3,6|0,6|0,6|1|1|0,6|0,6|0,6|0,6|1|2,6|0,6|1|1|1|0,6|1|1|0,6|0,6|1|1|1,3|1|1|0,6|0,6|1|1|1|0,6|0,6|1|1|1|1|0,6|0,6|1|1|1|1|0,6|1|1|1|1|1|0,6|1|0,6|2,6|1|1|1|0,6|1|1|0,1,6|0,1,6|0,1,6|0,1,6|0,1,3,6|0,1,6|0,1,6|0,1,6|0,1,6|0,1,6|0,1,6|0,1,6|0,1,6|0,1,6|1|1|1|1|0,6|0,6|0,6|0,6|0,6|0,6|0,6|0,6|0,6|0,6|0,6|0,6|0,6|1|0,6|1|1|1|1|0,6|1|1|0,6|0,6|0,6|0,6|0,3,6|0,6|0,6|0,6|0,6|0,6|0,6|0,6|0,6|0,6|1|1|1|1|0,6|0,6|1|1|0,6|1|1|1|1|1|1|1|0,6|1|0,6|1|1|1|1|0,6|1|1|0,6|0|0|0|0,3|1,3|1,3|1,3|1,3|1|1|1|0,6|0,6|1|1|1|1|0,6|0,6|1|1|0,6|1|1|1|1|1|1|2,6|0,6|1|4,3,6|1|1|1|1|0,6|1|1|0,6|0|0|0|0,7|1|1|1|1,3|1|1|1|0,6|0,6|1|1|1|1|0,6|0,6|1|1|0,6|1|1|1|1|1|2,6|0,6|0,6|1|1,3|1|1|1|1|0,6|1|1|0,1,6|0,1|0,1|0,1|0,1,7|1|1|1|1,3|1|1,3,5|1|0,1,6|0,1,6|0,1,6|0,1,6|0,1,6|0,1,6|0,1,6|0,1,6|0,1,6|0,1,6|0,1,6|0,1,6|0,1,6|0,1,6|0,1,6|0,1,6|0,1,6|0,1,6|0,1,6|1|1,3|1|1|1|1|0,6|1|1|0,6|0|0|0|0,7|1|1|1|1,3|1|4,3,6|1|0,6|0,6|0,6|0,6|0,6|0,6|0,6|0,6|0,6|0,6|0,6|0,6|0|0|0|0|0|0|0,6|2,6|1,3|1|1|1|1|0,6|0,6|0,6|0,6|0|0|0|0,7|1|1|1|1,3|1|0,6|1|0,6|0,6|1|1|1|1|1|1|1|1|1|0,6|0|0|0|0|0|0|0,6|0,6|2,3,6|1|1|1|1|0,6|1|1|0,6|0|0|0|0,7|1|1|1|1,3|1,3|0,3,6|1,3|0,3,6|0,3,6|1,3|4,3,6|0,6|0,6|0,6|0,6|0,6|4,3,6|1,3|0,3,6|0,3,6|0,3,6|0,3,6|0,3,6|0,3,6|0,3,6|0,3,6|0,3,6|0,7,3,6|1|1|1|1|0,6|1|1|2,6|0|0|0|0,7|1|1|1|1|1|0,6|1|0,6|0,6|1|1|1|1|0,6|1|1|1|1|0,6|0|0|0|0|0|0|0,6|0,6|0,7,6|1|1|1|1|0,6|1|1,3,5|1|2,6|0|0|0|1|1|1|1,3|1,3|0,3,6|1,3|0,3,6|0,3,6|1|1|1|1|0,6|1|1|1|1|0,6|0|0|0|0|0|0|0,6|0,6|0,7,6|1|1|1|1|0,6|1|4,3,6|1|1|2,6|0,6|0,6|0,6|0,6|0,6|0,3,6|0,6|0,6|0,6|0,6|0,3,6|1,3|4,3,6|0,6|0,6|0,6|0,6|0,6|4,3,6|1,3|0,3,6|0,3,6|0,3,6|0,3,6|0,3,6|0,3,6|0,3,6|0,3,6|0,3,6|0,7,3,6|1|1|1|1|0,6|1|0,6|1|1|1|2,6|0,6|0,6|0,6|0,6|0,3,6|0,6|0,6|0,6|0,6|0,6|1|1|1|1|1|1|1|1|1|0,6|0|0|0|0|0|0|0,6|0,6|2,3,6|1|1|1|1|0,6|0,6|0,6|1|1|1|1|1|1|0,6|0,6|1,3|1|0,6|0,6|0,6|0,6|0,6|0,6|0,6|0,6|0,6|0,6|0,6|0,6|0,6|0,6|0|0|0|0|0|0|0,6|2,6|1,3|1|1|1|1|0,6|0,6|0,6|1|1|0,6|0,6|0,6|3,6|0,6|0,6|1,3|1|0,1,6|0,1,6|0,1,6|0,1,6|0,1,6|0,1,6|0,1,6|0,1,6|0,1,6|0,1,6|0,1,6|0,1,6|0,1,6|0,1,6|0,1,6|0,1,6|0,1,6|0,1,6|0,1,6|0,1,6|0,1,6|1|1,3|1|1|1|1|0,6|0,6|0,6|1|1|0,6|0,6|0,6|3,6|0,6|0,6|1,3|1|0,6|0,6|0,6|0,6|1|1|1|0,6|1|1|1|1|1|1|1|1|1|1|2,6|0,6|0,6|1|1,3|1|1|1|1|0,6|0,6|0,6|3,6|0,6|0,6|0,6|0,6|3,6|0,6|0,6|1,3|1|0,6|0,6|0,6|0,6|1|1|1|0,6|0,6|0,6|0,6|0,6|0,6|0,6|0,6|0,6|1|1|1|2,6|0,6|1|1,3|1|1|1|1|0,6|0,6|0,6|1|1|1|1|1|1|0,6|0,6|1,3|1|0,6|0,6|0,6|0,6|1|1|1|0,6|1|1|1|1|1|1|0,6|0,6|1|1|1|1|0,6|1|1,3|1|1|1|2,6|0,6|0,6|0,6|1|1|2|0|0|0,2|0|0|0,3,6|0,2|0|0|0|0|0|0|0|0|0,2|0|0|0|0|0|0|0|1|1|1|1|0,6|1|1,3|1|1|1|0,6|0,6|0,6|0,6|1|2,2|0|0|0|0,2|0|0|0,3,6|0,2|0|0|0|0|0|0|0|0|0,2|0|0|0|0|0|0|0|1|1|1|1|0,6|1|1,3|1|1|1|0|0|0|0|0|0,2|0|0|0|0,2|0|0|0,1,3,6|0,2,1|0,1|0,1|0,1|0,1|0,1|0|0|0,1|0,2,1|0,1|0,1|0|0|0|0|0|3,6|2,6|1|1|0,6|1|1,3|1|1|1|0|0|0|0|0|0,2|0|0|0|0,2|0|0|0,3,6|0,2|0|0|0|0|0|0|0|0|0,2|0|0|0|0|0|0|0|3,6|0,6|0,6|0,6|0,6|1|1|1|1|1|0|0|0|0|0|0,2|0|0|0|0|0|0|0,3,6|0,2|0|0|0|0|0|0|0|0|0,2|0|0|0|0|0|0|0|3,6|2,6|1|1|0,6|1|1|1|1|1|0|0|0|0|0|0,2|0|0|0|0|0|0|0,3,6|0,2|0|0|0|0|0|0|0|0|0,2|0|0|0|0|0|0|0|1|1|1|1|0,6|1|1|1|1|1|0|0|0|0|0|0,2|0|0|0|0|0|1|2,3,6|0,2|0|0|0|0|0|0|0|0|0,2|0|0|0|0|0|0|0|1|1|1|1|0,6|0,6|0,6|1|1|1|0|0|0|0|0|0|0|0|0|0|0|1|1,3|1|0|0|0|0|0|0,2|0|0|0,2|0|0|0|0|0|0|0|3,6|2,6|1|1|1|1|0,6|1|1|1|0,1|0,1|0,1|0,1|0,1|0,1|0,1|0,1|0,1|0,1|0,1|1|4,3,6|1|0|0|0|0|0|0,2|0,7|1|1|0,1,6|0,6|0,6|0,6|0,6|0,1,6|0,1,6|3,1,6|0,1,6|2,1,6|1|1|1|0,6|1|1|1|0|0|0|0|0|0|0|0|0|0|0|1|0,6|1|0|0|0|0|0|0,2|0,7|1|1|0,6|0,6|0,6|0,6|0,6|0,6|0,6|3,6|0,6|0,6|1|1|1|0,6|1|1|1|0|0|0|0|0|0|0|0|0|0,2|0|3,6|0,6|1|0|0|0|0|0|0,2|0,7|1|1|0,6|0,6|0,6|0,6|0,6|0,6|0,6|3,6|0,6|0,7,6|1|1|2,6|0,6|1|1|1|0,1|0,1|0,1|0|0|0|0|0,1|0,1|0,2,1|0,1,7|1|1|1|0|0|0|0|0|0,2|0,7|1|1|0,1,6|0,1,6|0,1,6|0,1,6|0,1,6|0,1,6|0,1,6|3,1,6|0,1,6|0,1,7,6|1|1|0,6|0,6|1|1|1|0|0|0|0|0|0|0|0|0|0,2|0,7|1|1|1|0|0|0|0|0|0,2|0|0|0,2|0|0|0|0|0|0|0|3,6|0,6|0,7,6|1|1|0,6|0,6|1|1|1|0|0|0|0|0|0,2|0|0|0|0,2|0,7|1|2|0,2|0|0|0|0|0|0,2|0|0|0,2|0|0|0|0|0|0|0|3,6|0,6|0,7,6|1|1|0,6|0,7,6|1|1|1|0|0|0|0|0|0,2|0|0|0|0,2|0|0|0|0,2|0|0|0|0|0|0,2|0|0|0|0|0|0|0|0|0|0|3,6|0,6|0,6|1|1|0,6|0,7,6|1|1|1|0|0|0|0|0|0,2|0|0|0,1|0,2,1|0,1|0,1|0,1|0,2,1|0,1|0,1|0,1|0,1|0,1|0,2,1|0|0|0|0|0|0|0|0,1|0,1|0,1|3,1,6|0,1,6|0,1,6|1|1|0,6|0,6|1|1|1|0,6|0,6|0,6|0,6|1|2,2|0|0|0|0,2|0|0|0|0,2|0|0|0|0|0|0,2|0|0|0|0|0|0|0|0|0|0|3,6|0,6|0,6|1|1|0,6|0,6|1|1|1|0,6|0,6|0,6|0,6|1|1|2|0|0|0,2|0|0|0|0,2|0|0|0|0|0|0,2|0|0|0|0|0|0|0|0|0|0|3,6|0,6|0,6|1|1|0,6|0,6|1|1|1|1|2,6|0,6|0,6|1|1|1|1|1|1|1|1|1|1|1|1|1|1|1|1|1|1|0,6|0,6|1|2,6|0,6|0,6|0,6|0,6|3,6|0,6|0,6|3,6|0,6|0,6|0,6|1|1|1|1|1|0,6|0,6|3,6|0,6|0,6|0,6|0,6|0,6|0,6|0,6|0,6|0,6|0,6|0,6|0,6|0,6|0,6|0,6|0,6|0,6|0,6|0,6|1|1|1|1|1|1|1|1|1|1|1|1|1|1|1|1|1|1|1|1|1|1|1|1|1|1|1|1|1|1|1|1|1|1|1|1|1|1|1|1|1|1|1|1|1|1|1|1|1|1|1|1|1|1|1|
camera angles:131.8480,0.1243;-93.3351,0.4582;-13.7902,0.3458;15.4099,0.3484
