Caos
52*40
1.7535*3.5952|0|0
-180,-4
Border: Passable




0

1|1|1|1|1|1|1|1|1|1|1|1|1|1|1|1|1|1|1|1|1|1|1|1|1|1|1|1|1|1|1|1|1|1|1|1|1|1|1|1|1|1|1,3|1,3|1,3|1,3|1,3|1,3|1,3|1,3|1,3|1,3|1,3|1,3|1,3|1,3|1,3|1,3|1,3|1,3|1,3|1,3|1,3|1|1|1|1|1|1|1|1|1|1|1|1|1|1|1|1|1|1|1|1,3|1|1|0|0|1|0|0|1|0|0|1|0|0,7|1|1|1|1|1|1|4,3,6|1|1|1|1|1|1|1|1|1|1|1|0|3|0,7|1|1|1|1|1|1,3|1|1|0|0|1|0|0|1|0|0|1|0|0,7|1|1|1|1|1|1|0,6|1|1|1|1|1|1|1|1|1|1|1|0|3|0,7|1|1|1|1|1|1,3|1|1|0,6|1|1|0,6|1|1|0,6|1|1|0,6|1|1|1|1|0,6|0,6|0,6|0,6|3,6|0|0|0|0|0|3,6|0,6|0,6|0,6|0,6|0|3|0,7|1|1|1|1|1|4,3,3,6|1|1|0,6|1|1|0,6|1|1|0,6|1|1|0,6|1|1|1|1|0,6|1|1|0,6|3,6|0|0|0|0|0|1|1|1|1|1|1|1|1|1|1|1|1|1|0,6|1|1|0|0|0|0|0|0|0|0|0|0|1|1|1|1|0,6|1|1|0,6|3,6|0|0|0|0|0|3,6|0,6|1|1|1|0|3|0,7|1|1|1|1|1|0,1,6|0,1,6|0,1,6|0,1|0,1|0,1|0,1|0,1|0,1|0,1|0,1|0,1|0,1|3,1,6|0,1,6|0,1,6|0,1,6|0,1,6|1|1|0,6|3,6|0|0|0|0|0|1|0,6|1|1|1|0|3|0,7|1|1|1|1|1|0,6|1|1|0|0|0|0|0|0|0|0|0|0|1|1|1|1|1|1|1|0,6|1|1|1|1|1|1|1|0,6|1|1|1|0|3|0,7|1|1|1|1|1|0,6|1|1|1|1|0,6|0,6|1|0,6|0,6|0,6|0,6|2,6|1|1|1|1|1|1|1|0,6|1|1|1|1|1|1|1|0,6|1|1|1|1|1|0,6|1|1|1|1|1|0,6|1|1|1|1|0,6|0,6|1|2,6|0,6|0,6|2,6|1|1,3|1,3|1,3|1,3|1,3|1,3|1,3|0,3,6|1,3|1,3|1,3|1,3|0,2,3,6|0,3,6|0,3,6|0,3,6|1,3|1,3|1|1|1|0,6|1|1|1|1|1|0,6|1|1|1|1|0,6|0,6|1|1|0,6|0,6|1|1|1,3|1|1|1|0,2,6|0,6|0,6|0,6|1|1|1|1|0,2,6|0,6|1|1|1|1,3|1|1|1|0,6|1|1|1|1|1|0,6|1|1|1|1|0,6|0,6|1|1|0,6|0,6|1|1|4,3,6|1|1|1|0,2,6|0,6|1|1|1|1|1|1|0,2,6|0,6|1|1|1|4,3,6|1|1|1|0,6|1|1|1|1|1|0,6|1|1|1|1|0,6|0,6|1|1|0,6|0,6|1|1|0,6|1|1|1|0,2,6|0,6|1|1|1|1|1|1|0,2,6|0,6|1|1|1|0,6|1|1|1|0,6|1|1|1|1|0|0|0,7|1|1|0|0|0|3,6|0|0|0|3,6|0|0|3,6|0|0,6|0,2,6|0,6|3,6|0,6|0|0|0|0|0,2|0|3,6|0|0|0|0|1|1|0,6|1|1|1|1|0|0|0,7|1|1|0|0|0|3,6|0|0|0|3,6|0|0|3,6|0|0,6|0,2,6|0,6|0,6|0,6|0|0|0|0|0,2|0|0|0|0|0|0|3,6|0,6|0,6|1|1|1|1|0|0|0,7|1|1|0|0|0|3,6|0|0|0|3,6|0|0|3,6|0|0,6|0,2,6|0,6|0,6|0,6|0|0|0|0|0,2|0|0|0|0|0|0,7|1|1|1|1|1|1|1|1|0,6|1|1|1|0|0|0|3,6|0|0|0|3,6|0|0|3,6|0|0,6|0,2,6|0,6|0,6|0,6|0|0|0|0|0,2|0|0|0|0|0|0,7|1|1|1|1|1|1|1|1|0,6|1|1|1|0,1|0,1|0,1|3,1,6|0,1|0,1|0,1|3,1,6|0,1|0,1|3,1,6|0,1|0,1|0,2,1|0,1|0,1|0,1|0,1|0,1|0,1|0,1|0,2,1|0,1|0,1|0,1|0,1|0,1|0,1,7|1|1|1|1|1|1|1|1|0,6|1|1|1|0|0|0|3,6|0|0|0|3,6|0|0|3,6|0|0|0,2|0|0|0|0|0|0|0|0|0|0|0|0|0|0,7|1|1|1|1|1|1|1|1|0,6|1|1|1|0,1|0,1|0,1|3,1,6|0,1|0,1|0,1|3,1,6|0,1|0,1|3,1,6|0,1|0,1,6|0,2,1,6|0,1,6|0,1,6|0,1,6|0|0|0|0|0|0|0|0|0|0|0,7|1|1|1|1|1|1|1|0|0|0|1|1|0|0|0|3,6|0|0|0|3,6|0|0|3,6|0|0,6|0,2,6|0,6|0,6|0,6|0|0|0|0,2|0|0|0|0|0|0|0|3,6|0,6|0,6|1|1|1|1|0|0|0|3,6|0,6|0|0|0|3,6|0|0|0|3,6|0|0|3,6|0|0,6|0,2,6|0,6|0,6|0,6|0|0,1|0,1|0,2,1|0,1|0,1|0,1|0,1|0,1|0,1|0,1|1|1|0,6|1|1|1|1|0|0|0|1|1|0|0|0|3,6|0|0|0|3,6|0|0|3,6|0|0,6|0,2,6|0,6|0,6|0,6|0|0|0|0,2|0|0|0|0|0|0|0|1|1|0,6|1|1|1|1|1|0,6|1|1|1|1|0,6|1|1|0,6|0,6|1|1|0,6|0,6|1|1|1|1|1|1|1|1|1|1|0,2,6|0,6|1|0,6|0,6|0,6|0,6|2,6|1|2,6|0,6|1|1|1|1|1|0,6|1|1|1|1|0,6|1|1|0,6|0,6|1|1|0,6|0,6|1|1|1|1|1|1|1|1|1|1|0,2,6|0,6|1|2,6|0,6|0,6|2,6|1|1|0,6|2,6|1|1|1|1|1|0,6|1|1|1|1|0,6|1|1|0,6|0,6|1|1|0,6|0,6|1|1|1|1|1|1|1|1|1|1|0,2,6|0,6|1|1|0,6|0,6|1|1|1|0,6|1|1|1|1|1|1|0,6|0,6|0,6|0,6|0,6|0,6|0,6|0,6|0,6|0,6|1|1|0,6|0,6|3,6|0,6|0,6|0,6|0,6|0,6|0,6|0,6|0,6|0,6|0,2,6|0,6|1|1|0,6|0,6|1|1|1|0,6|3,6|4,3,6|1,5,3|1|1|1|1|0,6|1|1|1|1|1|1|0,6|0,6|1|1|0,6|0,6|1|1|1|1|1|1|1|1|1|1|1|1|1|1|0,6|0,6|1|1|1|0,6|1|1|1|1|1|1|1|0,6|1|1|1|1|1|2,6|0,6|0,6|2,6|1|0,6|0,6|1|1|1|1|1|1|1|1|1|1|1|1|1|1|0,6|0,6|3,6|0,6|0,6|0,6|3,6|4,3,6|1,5,3|1|1|1|0|0|0,7|1|1|1|0|0|0|0|0|0|0|0|0|0|1|1|1|1|1|1|1|1|1|1|1|1|0,6|0,7,6|1|1|1|0,6|1|1|1|1|1|1|0|0|0,7|1|1|1|0|0|0|0|0|0|0|0|0|0|1|1|1|1|1|1|1|1|1|1|1|1|0,6|0,7,6|1|1|1|0,6|1|1|1|1|1|1|0|0|0,7|1|1|1|0,1|0,1|0,1|0,1|0,1|0,1|0,1|0,1|0,1|0,1|3,1,6|0,1,6|0,1,6|0,1,6|0,1,6|0,1,6|0,1,6|0,1,6|0,1,6|0,1,6|1|1|0,6|0,7,6|1|1|1|0,6|3,6|4,3,6|1,5,3|1|1|1|1|0,6|1|1|1|1|0|0|0|0|0|0|0|0|0|0|3,6|0,6|0,6|0,6|0,6|0,6|0,6|0,6|0,6|0,6|1|1|0,6|0,6|1|1|1|0,6|1|1|1|1|1|1|1|0,6|1|1|1|1|0|0|0|0|0|0|0|0|0|0|1|1|1|1|1|1|1|1|0,6|0,6|1|2,6|0,6|0,6|2,6|1|1|0,6|2,6|1|1|1|1|1|1|0,6|1|1|0,6|3,6|0|0|0|0,2|0|0|0|0|0|0|3,6|0,6|0,6|1|1|1|1|1|0,6|0,6|1|0,6|0,6|0,6|0,6|2,6|1|2,6|0,6|1|1|1|1|1|1|0,6|1|1|0,6|3,6|0|0|0|0,2|0|0|0|0|0|0|1|1|0,6|1|1|1|0|0|0|0|0|0|0|0|0|0|1|1|0,6|1|1|1|1|1|1|0,6|1|1|0,6|3,6|0|0|0|0,2|0|0|0|0|0|0,7|1|1|0,6|1|1|1|0,1|0,1|0,1|0,1|0,1|0,1|0,1|0,1|0,1|0,1|1|1|0,6|1|1|1|1|1|1|0,1,6|0,1,6|0,1,6|0,1,6|3,1,6|0,1|0,1|0,1|0,2,1|0,1|0,1|0,1|0,1|0,1|0,1,7|1|1|0,6|1|1|1|0|0|0|0|0|0|0|0|0|0|1|1|0,6|1|1|1|1|1|1|0,6|1|1|0,6|3,6|0|0|0|0,2|0|0|0|0|0|0,7|1|1|0,6|1|1|1|0|0|0|0|0|0|0|0|0,6|0,6|1|1|0,6|1|1|1|1|1|1|0,6|1|1|0,6|3,6|0|0|0|0,2|0|0|0|0|0|0|3,6|0,6|0,6|0,6|0,6|0,6|0|0|0|0|0|0|0|0|0,6|0,6|1|1|0,6|1|1|1|1|1|1|0,6|1|1|0,6|3,6|0|0|0|0,2|0|0|0|0|0|0|1|1|0,6|1|1|1|0|0|0|0|0|0|0|0|0|0|1|1|0,6|1|1|1|1|1|1|0,6|1|1|0,6|1|1|1|0,6|1|1|1|0,6|1|1|1|1|1|0,6|1|1|1|0|0|0|3|0|0|0|0|0|0|3,6|0,6|0,6|1|1|1|1|1|0|0|0|1|0,6|1|1|1|0,6|1|1|1|0,6|1|1|1|1|1|0,6|1|1|1|0|0|0|3|0|0|0|0|0|0,7|1|1|0,6|1|1|1|1|1|0|0|0|1|0,6|1|1|1|0,6|1|1|1|0,6|1|1|1|1|1|0,6|1|1|1|0|0|0|3|0|0|0|0|0|0,7|1|1|0,6|1|1|1|1|1|0|0|0|1|0,6|0,6|0,6|0,6|0,6|0,6|0,6|0,6|0,6|0,6|0,6|0,6|0,6|0,6|0,6|1|1|1|0|0|0|3|0|0|0|0|0|0,7|1|1|0,6|1|1|1|1|1|1|0,6|1|1|0,6|1|1|1|0,6|1|1|1|0,6|1|1|0,6|1|1|0,6|1|1|1|1|1|0,6|1|1|1|1|1|0,6|1|1|1|0,6|1|1|1|1|1|1|0,6|1|1|0,6|1|1|1|4,3,6|1|1|1|4,3,6|1|1|4,3,6|1|1|0,6|1|1|1|1|1|0,6|1|1|1|1|1|4,3,6|1|1|1|0,6|1|1|1|1|1|1|0,6|1|1|0,6|1|1|1|1,3|1,3|1,3|1,3|1,3|1,3|1,3|1,3|1,3|1,3|0,3,6|1,3|1,3|1,3|1,3|1,3|0,3,6|1,3|1,3|1,3|1,3|1,3|1,3|1|1|1|0,6|1|1|1|1|1|1|0,6|0,6|0,6|0,6|1|1|1|1|1|1|1|1,3|1|1|1,3|1|1|0,6|0,6|0,6|0,6|0,6|0,6|0,6|0,6|0,6|0,6|0,6|0,6|0,6|0,6|0,6|0,6|0,6|1|1|1|1|1|1|1|1|1|1|1|1|1|1|1|1|1|1,4,3|1|1|1,4,3|1|1|1|1|1|1|1|1|1|1|1|1|1|1|1|1|1|1|1|1|1|1|1|1|1|1|1|1|1|1|1|1|1|1|1|1|1|1|1|1|1|1|1|1|1|1|1|1|1|1|1|1|1|1|1|1|1|1|1|1|1|1|
camera angles:8.1964,0.1752;87.6115,0.1126;47.8353,0.3794;24.6048,0.9607
