Pipes
54*37
0.0000*1.0000|0|0
-159,-15
Border: Passable




0

1|1|1|1|1|1|1|1|1|1|1|1|1|1|1|1|1|1|1|1|1|1|1|1|1|1|1|1|1|1|1|1|1|1|1|1|1|1|1|1|1|1|1|1|1|1|1|1|1|1|1|1|1|1|1|1|1|1|1|1|1|1|1|1|1|1|1|1|1|1|1|1|1|1|1|1|1|1|1|1|1|1|1|1|1|1|1|1|1|1|1|1|1|1|1|1|1,3|1,3|1,3|1,3|1,3|1,3|1,3|1|1|1|1|1|1|1|1|1|1|1|1|1|1,4,3|1|1|1|1|1|1|1|1|1|1|1|1|1|1|1|1|1,3|1|1|1|1|1|4,3,6|1|1|1|1|1|1|1|1|1|1|1|1|1|4,3,6|1|1|1|0,6|0,6|0,6|0,6|0,6|1|1|1|1|1|1|1|1|1,3|1|1|1|1|1|0,6|1|1|1|1|1|1|1|1|1|1|1|1|1|0,6|1|1|1|0,6|1|1|1|0,6|1|0,6|0,6|0,6|0,6|1|1|1|1,3|1|0|0|0|0|0|0|1|1|1|1|1|1|1|1|1|1|1|0,6|0,6|0,6|1|1|0,6|1|1|1|0,6|1|0,6|1|1|0,6|1|1|1|1,3|1|0|0|0|0|0|0|1|1|1|1|1|1|1|1|1|1|1|0,6|0,6|0,6|1|1|0,6|0,6|0,6|0,6|0,6|0,6|0,6|1|1|0,6|1|1|1|1,3|2,6|0|0|0|0|0|0|1|1|1|1|1|1|1|1|1|1|1|0,6|0,6|0,6|1|1|0,6|1|0,6|1|1|1|0,6|1|1|0,6|1|1|1|1,3|0,6|0|0|0|0|0|0|1|1|1|1|1|1|1|1|1|1|1|1|1|0,6|1|1|0,6|1|0,6|1|1|1|0,6|0,6|0,6|0,6|0,6|0,6|1|1,3|2,6|0|0|0|0|0|0|0,6|0,6|1|1|1|1|1|1|1|1|1|1|1|0,6|1|0,6|0,6|0,6|0,6|0,6|0,6|1|0,6|1|1|1|1|1|1|1,3|1|0|0|0|0|0|0|0,6|0,6|1|1|1|1|1|1|1|1|1|0,6|0,6|0,6|1|0,6|0,6|1|1|1|0,6|1|0,6|0,6|0,6|0,6|0,6|0,6|1|1,3|1|0|0|0|0|0|0|0,6|0,6|1|1|1|1|1|1|1|1|1|0,6|1|1|1|0,6|0,6|1|1|1|0,6|1|0,6|1|1|1|1|1|1|1,3|1|0|0|0|0|0|0|0,6|0,6|2,6|1|1|1|1|1|1|1|1|0,6|1|1|1|0,6|0,6|1|1|1|0,6|0,6|0,6|0,6|0,6|0,6|0,6|0,6|1|1,3|1|0,6|0,6|0,6|0,6|0,6|1|0,6|0,6|0,6|2,6|1|1|1|1|1|1|1|0,6|0,6|0,6|0,6|0,6|0,6|1|1|1|0,6|1|0,6|1|1|1|1|1|1|1,3|1|0,6|0,6|0,6|0,6|0,6|1|0,6|0,6|0,6|0,6|1|1|1|1|1|1|1|1|1|1|1|1|1|1|1|1|0,6|1|0,6|0,6|0,6|0,6|0,6|0,6|1|1,3|1|0|0|0|0|0|0|0,6|0,6|0,6|0,6|1|1|1|1|1|1|0,6|0,6|0,6|1|1|1|1|1|1|1|0,6|1|0,6|1|1|1|1|1|1|1,3|1|0|0|0|0|0|0|0,6|0,6|0,6|0,6|1|1|1|1|1|1,3|0,3,6|1,3|0,6|1|1|1|1|1|1|1|0,6|1|0,6|0,6|0,6|0,6|0,6|0,6|1|1,3|1|0,6|1|0,6|0,6|0,6|0,6|0,6|0,6|0,6|0,6|3,6|4,3,6|1,5,3|1|1|1,3|0,6|1,3|0,6|1|0,6|0,6|0,6|0,6|0,6|0,6|0,6|1|1|0,6|1|1|1|1|1|1,3|2,6|0,6|1|0,6|0,6|0,6|0,6|0,6|0,6|0,6|0,6|1|1|1|1|1|1,3|0,6|1,3|0,6|1|0,6|1|1|1|1|1|1|1|1|0,6|1,3|4,3,6|0,6|0,6|0,6|0,3,6|0,6|0,6|0,6|0,6|0,6|0,6|0,6|0,6|1|0,6|0,6|1|1|1|1|1|1,3|0,6|1,3|0,6|1|0,6|1|1|0,6|0,6|0,6|1|0,6|0,6|0,6|1,3|1|1|1|1|1,3|2,6|0,6|0,6|0,6|0,6|0,6|0,6|0,6|1|0,6|0,6|1|1|1|1|1|1,3|0,6|1,3|0,6|1|0,6|1|1|0,6|1|0,6|1|0,6|1,3|1,3|1,3|1|1|1|1|1,3|1|0|0|0|0|0|0|0,6|0,6|0,6|0,6|1|1|1|1|1|1,3|0,6|1,3|0,6|1|0,6|1|1|0,6|1|0,6|0,6|0,6|0,3,6|0,6|1|1|1|1|1|1,3|1|0|0|0|0|0|0|0,6|0,6|0,6|0,6|1|1|1|1|1|1,3|0,6|1,3|0,6|1|0,6|0,6|0,6|0,6|1|0,6|1|1|1,3|0,6|1|1|1|1|1|1,3|1|0|0|0|0|0|0|0,6|0,6|0,6|0,6|1|1|1|1|1|1,3|0,6|1,3|0,6|1|1|1|1|1|1|0,6|1|1|1,3|0,6|0,6|0,6|0,6|0,6|1|1,3|1|0|0|0|0|0|0|0,6|0,6|0,6|0,6|1|1|1|1|1|1,3|0,6|1,3|0,6|0,6|0,6|0,6|0,6|0,6|0,6|0,6|1|1|1,3|0,6|1|0,6|1|0,6|1|1,3|1|0|0|0|0|0|0|0,6|0,6|0,6|0,6|1|1|1|1|1|1,3|0,6|1,3|1,3|1,3|1,3|1,3|0,3,6|1,3|1,3|1,3|1,3|1,3|1,3|0,6|1|4,3,6|1|0,6|1|1,3|1|0|0|0|0|0|0|0,6|0,6|0,6|0,6|1|1|1|1|1|1,3|0,6|0,6|0,6|0,6|0,6|0,6|0,6|0,6|0,6|0,6|0,6|0,6|0,6|0,6|1|1,3|1|0,6|1|1,3|1|0|0|0|0|0|0|0,6|0,6|0,6|0,6|1|1|1|1|1|1,3|1|1|1|1|1|1|1|1|1|1|1|1|1|1|1|1,3|1|0,6|1|1,3|1|0|0|0|0|0|0|0,6|0,6|0,6|0,6|1|1|1|1|1|1,3|0,6|0,6|0,6|0,6|0,6|0,6|0,6|0,6|0,6|0,6|0,6|4,3,6|1,3|1,3|1,3|1,3|1,3|0,3,6|1,3|1,3|1|0,6|0,6|0,6|1|0,6|0,6|0,6|0,6|1|0,6|1|1|1|1|1|1,3|0,6|1|1|1|1|1|1|1|1|1|1|1|1|1|1|1,3|1|0,6|1|1|1|0,6|0,6|0,6|1|0,6|0,6|0,6|0,6|1|0,6|1|1|1|1|1|1,3|0,6|1|0,6|0,6|0,6|0,6|0,6|0,6|0,6|0,6|0,6|0,6|0,6|0,6|1|1,3|1|0,6|1|1|1|0|0|0|0|0|0|0,6|0,6|0,6|0,6|1|1|1|1|1|1,3|0,1,6|0,1,6|0,1,6|0,1,6|0,1,6|0,1,6|0,1,6|0,1,6|0,1,6|0,1,6|0,1,6|0,1,6|0,1,6|0,1,6|3,1,6|0,1,3,6|0,1,6|0,1,6|1|1|1|0|0|0|0|0|0|0,6|0,6|0,6|0,6|1|1|1|1|1|1,3|1,3|1,3|0,6|0,6|0,6|0,6|0,6|0,6|0,6|0,6|0,6|0,6|0,6|0,6|1|1,3|1|1|1|1|2,6|0|0|0|0|0|0|0,6|0,6|0,6|0,6|1|1|1|1|1|1|1|1,3|0,6|1,3|1,3|1,3|1,3|1,3|1,3|1,3|1,3|1,3|1,3|1,3|1,3|1,3|0,6|0,6|0,6|0,6|0,6|0|0|0|0|0|0|0,6|0,6|0,6|0,6|1|1|1|1|1|1|1|1,3|0,6|1,3|0,6|0,6|0,6|0,6|0,6|0,6|0,6|0,6|1|1|1|1|1|1|1|1|2,6|0,6|0,6|0,6|0,6|0,6|1|0,6|0,6|0,6|0,6|1|1|1|1|1|1|1|1,3|0,6|1,3|0,6|1|1|1|1|0,6|1|0,6|1|1|0,6|0,6|0,6|0,6|0,6|1|1|0,6|0,6|0,6|0,6|0,6|1|0,6|0,6|0,6|0,6|1|1|1|1|1|1|1|1,3|0,6|0,3,6|0,6|0,6|4,3,6|1,3|1,3|0,6|1|0,6|1|1|0,6|1|1|1|0,6|1|1|0|0|0|0|0|0|0,6|0,6|0,6|0,6|1|1|1|1|1|1|1|1,3|1|1,3|1|1|1|1|1,3|0,6|1|0,6|1|1|0,6|1|1|1|0,6|1|1|0|0|0|0|0|0|0,6|0,6|0,6|0,6|1|1|1|1|1|1|1|1,3|1|1,3|1,3|1,3|1,3|1,3|1,3|0,6|1|0,6|1|1|0,6|1|1|1|0,6|1|1|0,6|0,6|0,6|0,6|0,6|0,6|1|0,6|0,6|2,6|1|1|1|1|1|1|1|1,3|1|1|1|1|0,6|0,6|0,6|0,6|1|4,3,6|1|1|0,6|0,6|1|0,6|0,6|1|1|0,6|0,6|0,6|0,6|0,6|0,6|1|0,6|2,6|1|1|1|1|1|1|1|1|1,3|1,3|1,3|1,3|1|0,6|1|1|1|1|1,3|1|1|1|0,6|1|0,6|1|1|1|0|0|0|0|0|0|0,6|0,6|1|1|1|1|1|1|1|1|1|1|1|1|1,3|1|0,6|1|1|1|1|1,3|1|1|1|0,6|1|0,6|1|1|1|0|0|0|0|0|0|0,6|0,6|1|1|1|1|1|1|1|1|1|1|1|1|1,3|1|0,6|0,6|0,6|0,6|0,6|0,3,6|0,6|1|1|0,6|1|0,6|1|1|1|0|0|0|0|0|0|0,6|0,6|1|1|1|1|1|1|1|1|1|1|1|1|1,3|1|1|1|1|1|1|1,3|0,6|1|1|0,6|1|0,6|1|1|2,6|0|0|0|0|0|0|1|1|1|1|1|1|1|1|1|1|1|1|1|1|1,3|1,3|1,3|1,3|1,3|1,3|1,3|1,3|0,6|0,6|0,6|0,6|1|0,6|0,6|0,6|0,6|0|0|0|0|0|0|1|1|1|1|1|1|1|1|1|1|1|1|1|1|1|1|1|1|1|1|1|1|0,6|1|1|1|1|1|1|1|2,6|0|0|0|0|0|0|1|1|1|1|1|1|1|1|1|1|1|1|1|1|1|1|1|1|1|1|1|1|0,6|1|1|1|1|1|1|1|1|0|0|0|0|0|0|1|1|1|1|1|1|1|1|1|1|1|1|1|1|1|1|1|1|1|1|1|1|0,6|1|1|1|1|1|1|1|1|0|0|0|0|0|0|1|1|1|1|1|1|1|1|1|1|1|1|1|1|1|1|1|1|1|1|1|1|0,6|1|1|1|1|1|1|1|1|1|1|1|1|0,6|1|1|1|1|1|1|1|1|1|1|1|1|1|1|1|1|1|1|1|1|1|1|1|4,3,6|1|1|1|1|1|1|1|1|1|1|1|1|4,3,6|1|1|1|1|1|1|1|1|1|1|1|1|1|1|1|1|1|1|1|1|1|1|1|1,3|1|1|1|1|1|1|1|1|1|1|1|1|1,4,3|1|1|1|1|1|1|1|1|1|1|1|1|1|1|1|1|1|1|1|1|1|1|1|1,4,3|1|1|1|1|1|1|1|1|1|1|1|1|1|1|1|1|1|1|1|1|1|1|1|1|1|1|1|1|1|1|1|1|1|1|1|1|1|1|1|1|1|1|1|1|1|1|1|1|1|1|1|1|1|1|1|1|1|1|
camera angles:0,0;-91.0452,0.1898;-11.1867,0.3879;7.4490,0.2234
