Sky Grid
72*43
6.3041*4.9253|0|0
20,30
Border: Solid




0

0|0|0|0|0|0|0|0|0|0|0|0,2|0|0|0|0|0|0,2|0|0|0|0|0|0,2|0|0|0,2|0|0|0,2|0|0|0|0|0|0,2|0|0|0|0|0|0|0|0|0|0|0|0|0|0|0|0|0|0|0,2|0|0|0|0|0|0,2|0|0|0|0|0|0,2|0|0|0,2|0|0|0,2|0|0|0|0|0|0,2|0|0|0|0|0|0|0|0|0|0|0|0|0|0|0|0|0,1|0,1|0,2,1|0,1|0,1|0,1|0,1|0,1|0,2,1|0,1|0,1|0,2,1|0,1|0,1|0,2,1|0,1|0,1|0,2,1|0,1|0,1|0,2,1|0,1|0,1|0,1|0,1|0,1|0,2,1|0,1|0|0|0|0|0|0|0|0|0|0|0|0|0|0|0|0|0|0,2|0|0|0|0|0|0,2|0|0|0,2|0|0|0,2|0|0|0,2|0|0|0,2|0|0|0|0|0|0,2|0|0|0|0|0|0|0|0|0|0|0|0|0|0|0|0|0|0|0,2|0|0|0|0|0|0,2|0|0|0,2|0|0|0,2|0|0|0,2|0|0|0,2|0|0|0|0|0|0,2|0|0|0|0|0|0|0|0|0|0|0|0|0|0|0|0|0|0|0,2|0|0|0|0|0|0,2|0|0|0,2|0|0|0,2|0|0|0,2|0|0|0,2|0|0|0|0|0|0,2|0|0|0|0|0|0|0|0|0|0|0|0|0|0|0|0|0|0|0,2|0|0|0|0|0|0,2|0|0|0,2|0|0|0,2|0|0|0,2|0|0|0,2|0|0|0|0|0|0,2|0|0|0|0|0|0|0|0|0|0|0|0|0|0|0|0|0|0|0,2|0|0|0|0|0|0,2|0|0|0,2|0|0|0,2|0|0|0,2|0|0|0,2|0|0|0|0|0|0,2|0|0|0|0|0|0|0|0|0|0|0|0|0|0|0|0|0|0|0,2|0|0|0|0,1|0,1|0,2,1|0,1|0,1|0,2,1|0,1|0,1|0,2,1|0,1|0,1|0,2,1|0,1|0,1|0,2,1|0,1|0,1|0,1|0,1|0,1|0,2,1|0,1|0,1|0,1|0,1|0,1|0,1|0,1|0|0|0|0|0|0|0|0|0|0|0|0,2|0|0|0|0|0|0,2|0|0|0,2|0|0|0,2|0|0|0,2|0|0|0,2|0|0|0|0|0|0,2|0|0|0|0|0|0|0|0|0|0|0|0|0|0|0|0|0|0|0,2|0|0|0|0|0|0,2|0|0|0,2|0|0|0,2|0|0|0,2|0|0|0,2|0|0|0|0|0|0,2|0|0|0|0|0|0|0|0|0|0|0|0|0|0|0|0|0|0|0,2|0|0|0|0|0|0,2|0|0|0,2|0|0|0,2|0|0|0,2|0|0|0,2|0|0|0|0|0|0,2|0|0|0|0|0|0|0|0|0|0|0|0|0|0|0|0|0|0|0,2|0|0|0|0|0|0,2|0|0|0,2|0|0|0,2|0|0|0,2|0|0|0,2|0|0|0|0|0|0,2|0|0|0|0|0|0|0|0|0|0|0|0|0|0|0|0|0|0|0,2|0|0|0|0|0|0,2|0|0|0,2|0|0|0,2|0|0|0,2|0|0|0,2|0|0|0|0|0|0,2|0|0|0|0|0|0|0|0|0|0|0|0|0|0|0|0,1|0,1|0,1|0,2,1|0,1|0,1|0,1|0,1|0,1|0,2,1|0,1|0,1|0,1,2|0,1|0,1|0,1,2|0,1|0,1|0,1,2|0,1|0,1|0,1,2|0,1|0,1|0,1|0,1|0,1|0,1,2|0,1|0,1|0,1|0,1|0,1|0,1|0,1|0|0|0|0|0|0,2|0|0|0|0|0|0,2|0|0|0|0|0|0,2|0|0|0,2|0|0|0,2|0|0|0,2|0|0|0,2|0|0|0|0|0|0,2|0|0|0|0|0|0|0|0|0|0|0|0|0,2|0|0,7|1|1|1|1|2|0|0|0|0|0,2|0|0|0,2|0|0|0,2|0|0|0,2|0|0|0,2|0|0|0|0|0|0,2|0|0|0|0|0|0|0|0|0|0|0|0|0,2|0|0,7|1|1|1|1|1|0|0|0|0|0,2|0|0|0,2|0|0|0,2|0|0|0,2|0|0|0,2|0|0|0|0|0|0,2|0|0|0|0|0|0|0|0|0|0|0|0|0,2|0|0|3,6|4,3,6|1,4,3|1|1|0|0|0|0|0,2|0|0|0|0|0|0,2|0|0|0,2|0|0|0,2|0|0|0|0|0|0,2|0|0|0|0|0|0|0|0|0|0|0|0|0,2|0|0|1|1|1|1|1|0|0|0|0|0,2|0|0|0|0|0|0,2|0|0|0|0|0|0,2|0|0|0|0|0|0,2|0|0|0|0|0|0|0|0|0|0|0|0|0,2|0|0|3,6|0,6|4,3,6|1,3|1,3|0,3,6|0,3,6|0,3,6|0,3,6|0,2,3,6|0,3,6|0,3,6|0,3,6|0,3,6|0,3,6|0,2,3,6|0,3,6|0,3,6|0,3,6|0,3,6|0,3,6|0,2|0|0|0,1|0,1|0,1|0,2,1|0,1|0,1|0,1|0,1|0,1|0,1|0,1|0|0|0|0|0|0,2|0|0|1|1|1|1|1|0|0|0|0|0,2|0|0|0|0|0|0,2|0|0|0|0|0,3,6|0,2|0|0|0|0|0|0,2|0|0|0|0|0|0|0|0|0|0|0|0|0,2|0|0|3,6|4,3,6|1,5,3|1|1|0|0|0|0|0,2|0|0|0,2|0|0|0,2|0|0|0|0|0,3,6|0,2|0|0|0|0|0|0,2|0|0|0|0|0|0|0|0|0|0|0|0|0,2|0|0|1|1|1|1|1|0,1|0,1|0,1|0,1|0,2,1|0,1|0,1|0,1,2|0,1|0,1|0,2,1|0,1|0,1|0|0|0,3,6|0,2|0|0|0|0|0|0,2|0|0|0|0|0|0|0|0|0|0|0|0|0,2|0|0|1|1|1|1|2|0|0|0|0|0,2|0|0|0,2|0|0|0,2|0|0|0|0|0,3,6|0,2|0|0|0|0|0|0,2|0|0|0|0|0|0|0|0|0|0|0|0|0,2|0|0|0|0|0|0,2|0|0|0|0|0|0,2|0|0|0,2|0|0|0,2|0|0|0|0|0,3,6|0,2|0|0|0|0|0|0,2|0|0|0|0|0|0|0|0|0|0|0|0|0,1,2|0,1|0,1|0,1|0,1|0,1|0,2,1|0,1|0,1|0,1|0,1|0,1|0,1,2|0,1|0,1|0,1,2|0,1|0,1|0,1,2|0,1|0,1|0,1|0,1|0,1,3,6|0,1,2|0,1|0,1|0,1|0,1|0,1|0,1,2|0,1|0,1|0,1|0,1|0,1|0,1|0,1|0|0|0|0|0|0,2|0|0|0|0|0|0,2|0|0|0|0|0|0,2|0|0|0,2|0|0|0,2|0|0|0|0|0,3,6|0,2|0|0|0|0|0|0,2|0|0|0|0|0|0|0|0|0|0|0|0|0,2|0|0|0|0|0|0,2|0|0|0|0|0|0,2|0|0|0,2|0|0|0,2|0|0|0|0|0,3,6|0,2|0|0|0|0|0|0,2|0|0|0|0|0|0|0|0|0|0|0|0|0,2|0|0|0|0|0|0,2|0|0|0|0|0|0,2|0|0|0,2|0|0|0,2|0|0|0|0|0,3,6|0,2|0|0|0|0|0|0,2|0|0|0|0|0|0|0|0|0|0|0|0|0,2|0|0|0|0|0|0,2|0|0|0|0|0|0,2|0|0|0,2|0|0|0,2|0|0|0|0|0,3,6|0,2|0|0|0|0|0|0,2|0|0|0|0|0|0|0|0|0|0|0|0|0,2|0|0|0|0|0|0,2|0|0|0|0|0|0,2|0|0|0,2|0|0|0,2|0|0|0|0|0,3,6|0,2|0|0|0|0|0|0,2|0|0|0|0|0|0|0|0|0|0|0|0|0,2|0|0,1|0,1|0,1|0,1|0,2,1|0,1|0,1|0,1|0,1|0,1|0,2,1|0,1|0,1|0,2,1|0,1|0,1|0,2,1|0,1|0,1|0,1|0,1|0,1,3,6|0,2,1|0,1|0,1|0,1|0,1|0,1|0,2,1|0,1|0,1|0,1|0,1|0,1|0,1|0,1|0|0|0|0|0|0|0|0|0|0|0|0,2|0|0|0|0|0|0,2|0|0|0|0|0|0,2|0|0|0|0|0,3,6|0,2|0|0|0|0|0|0,2|0|0|0|0|0|0|0|0|0|0|0|0|0|0|0|0|0|0|0,2|0|0|0|0|0|0,2|0|0|0|0|0|0,2|0|0|0|0|0,3,6|0,2|0|0|0|0|0,1|0,2,1|0,1|0,1|0,1|0,1|0,1|0|0|0|0|0|0|0|0|0|0|0|0|0|0,2|0|0|0|0|0|0,2|0|0|0|0|0|0,2|0|0|0|0|0,3,6|0,2|0|0|0|0|0|0,2|0|0|0|0|0|0|0|0|0|0|0|0|0,2|0|0|0|0|0|0,2|0|0|0|0|0|0,2|0|0|0|0|0|0,2|0|0|0|0|0,3,6|0,2|0|0|0|0|0|0,2|0|0|0|0|0|0|0|0|0|0|0|0|0,2|0|0|0|0|0|0,2|0|0|0|0|0|0,2|0|0|0|0|0|0,2|0|0|0|0|0,3,6|0,2|0|0|0|0|0|0,2|0|0|0|0|0|0|0|0|0|0|0|0|0,1,2|0,1|0,1|0,1|0,1|0,1|0,2,1|0,1|0,1|0,1|0,1|0,1|0,2,1|0,1|0,1|0,1|0,1|0,1|0,2,1|0,1|0,1|0,1|0,1|0,1,3,6|0,2,1|0,1|0,1|0|0|0|0,2|0|0|0|0|0|0|0|0|0|0|0|0|0,2|0|0|0|0|0|0,2|0|0|0|0|0|0,2|0|0|0|0|0|0,2|0|0|0|0|0,3,6|0,2|0|0|0|0|0|0,2|0|0|0|0|0|0|0|0|0|0|0|0|0,2|0|0|0|0|0|0,2|0|0|0|0|0|0,2|0|0|0|0|0|0,2|0|0|0|0|0,3,6|0,2|0|0|0|0|0|0,2|0|0|0|0|0|0|0|0|0|0|0|0|0,2|0|0|0|0,1|0,1|0,2,1|0,1|0,1|0,1|0,1|0,1|0,2,1|0,1|0|0|0|0|0,2|0|0|0|0|0,3,6|0,2|0|0|0|0|0|0,2|0|0|0|0|0|0|0|0|0|0|0|0|0,2|0|0|0|0|0|0,2|0|0|0|0|0|0,2|0|0|0|0|0|0,2|0|0|0|0|0,3,6|0,2|0|0|0|0|0|0,2|0|0|0|0|0|0|0|0|0|0|0|0|0,2|0|0|0|0|0|0,2|0|0|0|0|0|0,2|0|0|0|0|0|0,2|0|0|0|0|0,3,6|0,2|0|0|0|0|0|0,2|0|0|0|0|0|0|0|0|0|0|0|0|0,1,2|0,1|0,1|0,1|0,1|0,1|0,2,1|0,1|0,1|0,1|0,1|0,1|0,2,1|0,1|0,1|0,1|0,1|0,1|0,2,1|0,1|0,1|0,1|0,1|0,1,3,6|0,1,2|0,1|0,1|0,1|0,1|0,1|0,1,2|0,1|0,1|0,1|0,1|0,1|0,1|0,1|0|0|0|0|0|0,2|0|0|0|0|0|0,2|0|0|0|0|0|0,2|0|0|0|0|0|1|1|1|1|2,6|0,3,6|0,2|0|0|0|0|0|0,2|0|0|0|0|0|0|0|0|0|0|0|0|0,2|0|0|0|0|0|0,2|0|0|0|0|0|0,2|0|0|0|0|0|1|1|1|1|1|0,3,6|0,2|0|0|0|0|0|0,2|0|0|0|0|0|0|0|0|0|0|0|0,1|0,2,1|0,1|0,1|0|0|0|0,2|0|0|0|0|0|0,2|0|0|0|0|0|3,6|4,3,6|1,5,3|1|1|0,3,6|0,2|0|0|0|0|0|0,2|0|0|0|0|0|0|0|0|0|0|0|0|0,2|0|0|0|0|0|0,2|0|0|0|0|0|0,2|0|0|0|0|0|1|1|1|1|1|0,3,6|0,2|0|0|0|0|0|0,2|0|0|0|0|0|0|0|0|0|0|0|0|0,2|0|0|0|0|0|0,2|0|0|0|0|0|0,2|0|0|0|0|0|3,6|0,6|4,3,6|1,3|1,3|0,3,6|0,2|0|0|0|0|0|0,2|0|0|0|0|0|0|0|0|0|0|0|0|0,2|0|0|0|0|0|0,2|0|0|0,1|0,1|0,1|0,2,1|0,1|0,1|0,1|0,1|0,1|1|1|1|1|1|0,1|0,1,2|0,1|0,1|0,1|0,1|0,1|0,2,1|0,1|0,1|0,1|0,1|0,1|0,1|0,1|0|0|0|0|0|0,2|0|0|0|0|0|0,2|0|0|0|0|0|0,2|0|0|0|0|0|3,6|4,3,6|1,4,3|1|1|0|0,2|0|0|0|0|0|0,2|0|0|0|0|0|0|0|0|0|0|0|0|0,2|0|0|0|0|0|0,2|0|0|0|0|0|0,2|0|0|0|0|0,7|1|1|1|1|1|0|0,2|0|0|0|0|0|0,2|0|0|0|0|0|0|0|0|0|0|0|0|0,2|0|0|0|0|0|0,2|0|0|0|0|0|0,2|0|0|0|0|0,7|1|1|1|1|2|0|0,2|0|0|0|0|0|0,2|0|0|0|0|0|0|0|0|0|0|0|0|0,2|0|0|0|0|0|0,2|0|0|0|0|0|0,2|0|0|0|0|0|0,2|0|0|0|0|0|0,2|0|0|0|0|0|0,2|0|0|0|0|0|0|0|0|0|0|0|0|0,2|0|0|0|0|0|0,2|0|0|0|0|0|0,2|0|0|0|0|0|0,2|0|0|0|0|0|0,2|0|0|0|0|0|0,2|0|0|0|0|0|0|0|0|0|0|0|0,1|0,2,1|0,1|0,1|0,1|0,1|0,1|0,2,1|0,1|0,1|0,1|0,1|0,1|0,2,1|0,1|0,1|0,1|0,1|0,1|0,2,1|0,1|0,1|0,1|0,1|0,1|0,1,2|0,1|0,1|0,1|0,1|0,1|0,2,1|0,1|0,1|0,1|0,1|0,1|0,1|0,1|0|0|0|0|0|0,2|0|0|0|0|0|0,2|0|0|0|0|0|0,2|0|0|0|0|0|0,2|0|0|0|0|0|0,2|0|0|0|0|0|0,2|0|0|0|0|0|0|0|0|0|0|0|0|0,2|0|0|0|0|0|0,2|0|0|0|0|0|0,2|0|0|0|0|0|0,2|0|0|0|0|0|0,2|0|0|0|0|0|0,2|0|0|0|0|0|0|0|0|0|0|0|0|0,2|0|0|0|0|0|0,2|0|0|0|0|0|0,2|0|0|0|0|0|0,2|0|0|0|0|0|0,2|0|0|0|0|0|0,2|0|0|0|0|0|0|0|0|0|0|0|0|0|0|0|0|0|0|0,2|0|0|0|0|0|0,2|0|0|0|0|0|0,2|0|0|0|0|0|0,2|0|0|0|0|0|0,2|0|0|0|0|0|0|0|0|0|0|0|0|0|0|0|0|0|0|0,2|0|0|0|0|0|0,2|0|0|0|0|0|0,2|0|0|0|0|0|0,2|0|0|0|0|0|0,2|0|0|0|0|0|0|0|0|0|0|0|0|0|0|0,1|0,1|0,1|0,1|0,2,1|0,1|0,1|0,1|0,1|0,1|0,2,1|0,1|0,1|0,1|0,1|0,1|0,2,1|0,1|0,1|0,1|0,1|0,1|0,2,1|0,1|0,1|0,1|0,1|0,1|0,2,1|0,1|0,1|0,1|0,1|0,1|0,1|0,1|0|0|0|0|0|0|0|0|0|0|0|0,2|0|0|0|0|0|0,2|0|0|0|0|0|0,2|0|0|0|0|0|0,2|0|0|0|0|0|0,2|0|0|0|0|0|0|0|0|0|0|0|0|0|0|0|0|0|0|0,2|0|0|0|0|0|0,2|0|0|0|0|0|0,2|0|0|0|0|0|0,2|0|0|0|0|0|0,2|0|0|0|0|0|0|0|0|0|0|0|0|0|0|0|0|0|0|0,2|0|0|0|0|0|0,2|0|0|0|0|0|0,2|0|0|0|0|0|0,2|0|0|0|0|0|0,2|0|0|0|0|0|0|0|0|0|0|0|0|0|0|0|0|0|0|0,2|0|0|0|0|0|0,2|0|0|0|0|0|0,2|0|0|0|0|0|0,2|0|0|0|0|0|0,2|0|0|0|0|0|0|0|0|0|0|0|0|0|0|0|0|0|0|0,2|0|0|0|0|0|0,2|0|0|0|0|0|0,2|0|0|0|0|0|0,2|0|0|0|0|0|0,2|0|0|0|0|0|0|0|0|0|0|0|0|0|0,1|0,1|0,1|0,1|0,1|0,2,1|0,1|0,1|0,1|0,1|0,1|0,2,1|0,1|0,1|0,1|0,1|0,1|0,2,1|0,1|0,1|0,1|0,1|0,1|0,2,1|0,1|0,1|0,1|0,1|0,1|0,2,1|0,1|0,1|0,1|0,1|0,1|0,1|0,1|0|0|0|0|0|0|0|0|0|0|0|0,2|0|0|0|0|0|0,2|0|0|0|0|0|0,2|0|0|0|0|0|0,2|0|0|0|0|0|0,2|0|0|0|0|0|0|0|0|0|0|0|0|0|0|0|0|0|0|0,2|0|0|0|0|0|0,2|0|0|0|0|0|0,2|0|0|0|0|0|0,2|0|0|0|0|0|0,2|0|0|0|0|0|0|0|0|0|0|0|0|0|0|0|0|0|0|0,2|0|0|0|0|0|0,2|0|0|0|0|0|0,2|0|0|0|0|0|0,2|0|0|0|0|0|0,2|0|0|0|0|0|0|0|
