Sidedrop
48*35
4.3964*5.2473|0|0
-220,-30
Border: Solid




0

1|1|1|1|1|1|1|1|1|1|1|1|1|1|1|1|1|1|1|1|1|1|1|1|1|1|1|1|1|1|1|1|1|1|1|1|1|1|1|1,3|1,3|1,3|1,3|1,3|1,3|1,3|1,3|1,3|1,3|1,3|1,3|1,3|1|1|1,3|1,3|1,3|1,3|1,3|1,3|1,3|1,3|1|1|1|1|1|1|1|1|1|1|1|1|4,3,6|1|1|1|1|1|1|1|1|1|1|1|4,3,6|1|1|4,3,6|1|1|1|1|1|1|4,3,6|1|1|1|1|1|1|1|1|1|1|1|1|0,6|1|1|1|1|1|1|1|1|1|1|1|0,6|1|1|0,6|1|1|1|1|1|1|0,6|1|1|1|1|1|1|1|1|0,6|0,6|0,6|0,6|0,6|0,6|1|1|1|0,6|0,6|0,6|0,6|0,6|0,6|0,6|0,6|0,6|0,6|0,6|0,6|1|1|1|0,6|0,6|0,6|0,6|0,2,6|0,6|0,6|0,2,6|0,6|0,6|0,6|0,6|0,6|0,6|0,6|0,6|0,6|1|1|1|0,6|0,6|0,6|0,6|0,6|0,6|0,6|0,6|0,6|0,6|0,6|0,6|1|1|1|0,6|0,6|0,6|0,6|0,2,6|0,6|0,6|0,2,6|0,6|0,6|0,6|0|0|0,6|0,6|0,6|0|1|1|1|0|0|0,6|0,6|0,6|0,6|0|0|0|0|0|0|1|1|1|0|0|0|0|0,2,6|0,6|0,6|0,2,6|0|0|0|0|0|0,6|0,6|0,6|0|1|1|1|0|0|0,6|0,6|0,6|0,6|0|0|0|0|0|0|1|1|1|0|0|0|0|0,2,6|0,6|0,6|0,2,6|0|0|0|0|0|0,6|0,6|0,6|0|0,2|0|0,2|0|0|0,6|0,6|0,6|0,6|0|0|0|0|0|0|1|1|1|0|0|0|0|0,2,6|0,6|0,6|0,2,6|0|0|0|0|0|0,6|0,6|0,6|0|0,2|0|0,2|0|0|0,6|0,6|0,6|0,6|0|0|0|0|0|0|1|1|1|0|0|0|0|0,2,6|0,6|0,6|0,2,6|0|0|0|0|0|0,6|0,6|0,6|0|0,2|0|0,2|0|0|0,6|0,6|0,6|0,6|0|0|0|0|0|0,7|1|1|1|0|0|0|0|0,2,6|0,6|0,6|0,2,6|0|0|0|0|0|0,6|0,6|0,6|0|0,2|0|0,2|0|0|0,6|0,6|0,6|0,6|0|0|0|0|0|0|0,2|0|0,2|0|0|0|0|0,2,6|0,6|0,6|0,2,6|0|0|0|0|0|0,6|0,6|0,6|0|0,2|0|0,2|0|0|0,6|0,6|0,6|0,6|0|0|0|0|0|0|0,2|0|0,2|0|0|0|0|0,2,6|0,6|0,6|0,2,6|0|0|0|0|0|0|0|0|0|0,2|0|0|0|0|0,6|0,6|0,6|0,6|0|0|0|0|0|0|0,2|0|0,2|0|0|0|0|1|1|1|1|0|0|0|0|0|0|0|0|0|0,2|0|0|0|0|0,6|0,6|0,6|0,6|0|0|0|0|0|0|0,2|0|0,2|0|0|0|0,7|1|1|1|1|0|0|0|0|0|0|0|0|0|0,2|0|0|0|0|0,6|0,6|0,6|0,6|0|0|0|0|0|0|0,2|0|0|0|0|0|0,7|1|1|1|1|0|0|0|0|0|0|0|0|0|0,2|0|0|0|0|0,6|0,6|0,6|0,6|0|0|0|0|0|0|0,2|0|0|0|0|0|0,7|1|1|1|1|0|0|0|0|0|0|0|0|0|0,2|0|0|0|0,7|1|1|1|1|0|0|0|0|0|0|0,2|0|0|0|0|0|0,7|1|1|1|1|0|0|0|0|0|0|0|0|0|0,2|0|0|0|0,7|1|1|1|1|0|0|0|0|0|0|0,2|0|0|0|0|0|0|3,6|4,3,6|1,5,3|1|0|0|0|0|0|0|0|0|0|0,2|0|0|0|0,7|1|1|1|1|0|0|0|0|0|0|0,2|0|0|0|0|0|0|1|1|1|1|0|0|0|0|0|0|0|0|0|0|0|0|0|0|1|1|1|1|0|0|0|0|0|0|0|0|0|0|0|0|0|1|1|1|1|0|0|0|0|0|0|0|0|0|0|0|0|0|0|1|1|1|1|0|0|0|0|0|0|0|0|0|0|0|0|0|3,6|4,3,6|1,4,3|1|0|0|0|0|0|0|0|0|0|0|0|0|0|0|3,6|4,3,6|1,4,3|1|0|0|0|0|0|0|0|0|0|0|0|0|0|1|1|1|1|0|0|0|0|0|0|0|0|0|0|0|0|0|0|1|1|1|1|0|0|0|0|0|0|0|0|0|0|0|0|0|1|1|1|1|0|0|0|0|0|0|0|0|0|0|0|0|0|0|1|1|1|1|0|0|0|0|0|0|0,2|0|0|0|0|0|0,7|1|1|1|1|0|0|0|0|0|0|0|0|0|0|0|0|0|0|3,6|4,3,6|1,5,3|1|0|0|0|0|0|0|0,2|0|0|0|0|0|0,7|1|1|1|1|0|0|0|0|0|0|0|0|0|0|0|0|0|0|1|1|1|1|0|0|0|0|0|0|0,2|0|0|0|0|0|0|1|1|1|1|0|0|0|0|0|0|0|0|0|0|0|0|0|0,7|1|1|1|1|0|0|0|0|0|0|0,2|0|0|0|0|0|0|0,2,6|0,6|0,6|0,2,6|0|0|0|0|0|0|0|0|0|0|0|0|0|0,7|1|1|1|1|0|0|0|0|0|0|0,2|0|0|0|0|0|0|0,2,6|0,6|0,6|0,2,6|0|0|0|0,6|0,6|0,6|0|0|0|0,2|0|0|0|0,7|1|1|1|1|0|0|0|0|0|0|0,2|0|0|0|0|0|0|0,2,6|0,6|0,6|0,2,6|0|0|0|0,6|0,6|0,6|0|0|0|0,2|0|0|0|0|1|1|1|1|0|0|0|0|0|0|0,2|0|0|0|0|0|0|0,2,6|0,6|0,6|0,2,6|0|0|0|0,6|0,6|0,6|0|0|0|0,2|0|0|0|0|0,2,6|0,6|0,6|0,2,6|0|0|0|0|0,2|0|0,2|0|0|0|0|0|0|0,2,6|0,6|0,6|0,2,6|0|0|0|0,6|0,6|0,6|0|0|0|0,2|0|0|0|0|0,2,6|0,6|0,6|0,2,6|0|0|0|0|0,2|0|0,2|0|0|0|0|0|0|0,2,6|0,6|0,6|0,6|0|0|0|0,6|0,6|0,6|0|0|0|0,2|0|0|0|0|0,2,6|0,6|0,6|0,2,6|0|0|0|0|0,2|0|0,2|0|0|0|0|0|0|0,2,6|0,6|0,6|0,6|0|0|0|0,6|0,6|0,6|0|0|0|0,2|0|0,2|0|0|0,2,6|0,6|0,6|0,2,6|0|0|0|0|0,2|0|0,2|0|0|0|0|0|0|0,2,6|0,6|0,6|0,6|0|0|0|0,6|0,6|0,6|0|0|0|0,2|0|0,2|0|0|0,2,6|0,6|0,6|0,2,6|0|0|0|0|0,2|0|0,2|0|0|0|0|0|0|0,2,6|0,6|0,6|0,6|0|0,6|0,6|0,6|0,6|0,6|0|0|0|0,2|0|0,2|0|0|0,2,6|0,6|0,6|0,2,6|0|0|0|0|0,2|0|0,2|0|0|0|0|0|0|0,6|0,6|0,6|0,6|0|0,6|0,6|0,6|0,6|0,6|0|0|0|0,2|0|0,2|0|0|0,2,6|0,6|0,6|0,2,6|0|0|0|0|0,2|0|0,2|0|0|0|0|0|0|0,6|0,6|0,6|0,6|0|0,6|0,6|0,6|0,6|0,6|0|0|0|0,2|0|0,2|0|0|0,2,6|0,6|0,6|0,2,6|0|0|0|0|0,2|0|0,2|0|0|0|0|0|0|0,6|0,6|0,6|0,6|0|0,6|0,6|0,6|0,6|0,6|0|0|0,7|1|1|1|0|0|0,2,6|0,6|0,6|0,2,6|0|0|0|0|0,2|0|0,2|0|0|0|0|0|0|0,6|0,6|0,6|0,6|0|0,6|0,6|0,6|0,6|0,6|0|0|0|1|1|1|0|0|0,2,6|0,6|0,6|0,2,6|0|0|0|0|1|1|1|0|0|0|0|0|0|0,6|0,6|0,6|0,6|0|0,6|0,6|0,6|0,6|0,6|0|0|0|1|1|1|0|0|0,2,6|0,6|0,6|0,2,6|0|0|0|0|1|1|1|0|0|0|0|0|0|0,6|0,6|0,6|0,6|0|0,6|0,6|0,6|0,6|0,6|0,6|0,6|0,6|1|1|1|0,6|0,6|0,2,6|0,6|0,6|0,2,6|0,6|0,6|0,6|0,6|1|1|1|0,6|0,6|0,6|0,6|0,6|0,6|0,6|0,6|0,6|0,6|0,6|0,6|0,6|0,6|0,6|0,6|0,6|0,6|0,6|1|1|1|0,6|0,6|0,2,6|0,6|0,6|0,2,6|0,6|0,6|0,6|0,6|1|1|1|0,6|0,6|0,6|0,6|0,6|0,6|0,6|0,6|0,6|0,6|0,6|0,6|0,6|1|1|1|1|0,6|1|1|1|1|1|1|1|1|1|1|1|1|0,6|1|1|1|1|1|1|1|1|1|1|1|1|1|1|1|1|1|1|1|1|1|4,3,6|1|1|1|1|1|1|1|1|1|1|1|1|4,3,6|1|1|1|1|1|1|1|1|1|1|1|1|1|1|1|1|1|1|1|1|1|1,3|1,3|1,3|1,3|1,3|1,3|1,3|1,3|1,3|1,3|1,3|1,3|1,3|1,3|1|1|1|1|1|1|1|1|1|1|1|1|1|1|1|1|1|1|1|1|1|1|1|1|1|1|1|1|1|1|1|1|1|1|1|1|1|1|1|1|1|1|1|1|1|1|1|1|1|1|1|1|
camera angles:56.8620,1;24.6892,1;59.0507,1;50.5870,1
