Tower
52*40
3.0047*2.1701|0|0
-180,-12
Border: Passable
0,4,27|0,50,4|



0

1|1|1|1|1|1|1|1|1|1|1|1|1|1|1|1|1|1|1|1|1|1|1|1|1|1|1|1|1|1|1|1|1|1|1|1|1|1|1|1|1|1|1|1|1|1|1|1|1|1|0,6|0,6|0,6|0,7,6|1|1|1|0,3,6|0,3,6|0,3,6|0,3,6|0,3,6|0,3,6|0,3,6|0,3,6|0,3,6|0,7,6|1|1|1|1|1|1|1|1|1|1|1|1|1|0,6|0,6|0,6|0,6|3,6|4,3,6|1,3|1,3|1,3|1,3|0,3,6|1,3|1,3|0,7,3,6|1,3|1,3|1,3|0,3,6|1|1|1|1|1|1|1|0,3,6|0,3,6|3,3,6|0,3,6|0,3,6|0,3,6|0,3,6|0,3,6|0,3,6|0,3,6|0,3,6|3,6|4,3,6|1,5,3|1|0,6|0,6|0,6|0,7,6|1|1|1|1|1|1|0,6|1|1|0,6|1|1|1|0,6|0,6|0,6|0,6|4,3,6|1,3|1,3|1,3|0,6|0,7,6|1|1|1|1|1|1|1|0,6|0,3,6|1|1|1|1|0,6|0,6|0,6|0,7,6|1|1|1|1|1|1|0,6|1|1|4,3,6|1|1|1|1|1|1|1|1|1|1|1,3|0,6|0,6|1|1|1|1|1|1|1|0,6|0,3,6|1|1|1|1|0|0|0|0|3|0|0|0,2|0|0|0|2|1|1,3|1|2|0|0|0,2|0|0|0|0|0|0,3,6|0,2|0|3|0|0|0|0,2|0|0|0|0,3,6|0|0|0|0|0|0|0|0|0|0|0|0,2|0|0|0|0|0|0,3,6|0|0|0|0|0,2|0|0|0|0|0|0,3,6|0,2|0|0|0|0|0|0,2|0|0|0|0,3,6|0|0|0|0|0|0|0|0|0|0|0|0,2|0|0|0|0|0|0,3,6|0|0|0,1|0,1|0,2,1|0,1|0,1|0,1|0,1|0,1|0,3,6|0,2|0|0|0|0|0|0,2|0|0|0|0,3,6|0|0|0|0|0|0|0|0|0|0|0|0,2|0|0|0|0|0|0,3,6|0|0|0|0|0,2|0|0|0|0|0,1|0,1,3,6|0,2,1|0,1|0,1|0,1|0,1|0,1|0,2,1|0,1|0,1|0,1|0,1,3,6|0,1|0|0|0|0|0|0|0|0|0|0|0,2|0|0|0,1|0,1|0,1|0,1,3,6|0,1|0,1|0,1|0,1|0,2,1|0|0|0|0|0|0,3,6|0,2|0|0|0|0|0|0|0|0|0|0,3,6|0|0|0|0|0|0|0|0|3|0|0|0,2|0|0|0|0|0|0,3,6|0|0|0|0|0,2|0|0|0|0|0|0,3,6|0,2|0|0|0|0|0|0|0|0|0|0,3,6|0|0|0|0|0|0|0|0|3|0|0|0,2|0|0|0|0|0|0,3,6|0|0|0|0|0,2|0|3|0|0|0|0,3,6|0,2|0|3|0|0|0|0|0|0|0|0,3,6|0|0|0|0|0|0|0|0,6|1|1|1|1|1|1|1|1|0,6|0,3,6|1|1|1|1|0,2,6|0,6|1|1|1|1|1,3|0,6|0,6|1|1|1|1|1|1|1|1|1,3|1|1|1|1|0|0|0|0,6|1|1|1|1|1|1|1|1|0,6|0,3,6|3,6|0,6|0,6|0,6|0,2,6|0,6|0,6|0,2,6|0,6|0,6|0,3,6|0,6|0,6|0,6|0,6|0,6|2,6|1|1|1|1|4,3,6|1|1|1|1|0|0|0|0,6|1|0,6|0,6|0,6|0,6|0,7,6|1|1|0,6|0,3,6|3,6|0,6|0,6|0,6|0,2,6|0,6|0,6|0,2,6|0,6|0,6|0,3,6|0,6|0,6|0,6|0,6|0,6|0,6|2,6|1|1|1|0,6|1|1|1|1|0|0|0|0,6|1|0,6|1|1|1|0,7,6|1|1|0,1,6|0,1,3,6|3,1,6|0,1,6|0,1,6|0,1,6|0,2,1,6|0,1,6|0,1,6|0,2,1,6|0,1,6|0,1,6|0,1,3,6|0,1,6|0,1,6|0,1,6|0,1,6|0,1,6|0,1,6|0,1,6|0,1,6|0,1,6|0,1,6|0,1,6|0,1,6|1|1|1|0|0|0|0,6|1|0,6|1|0,6|1|0,7,6|1|1|0,6|0,3,6|3,6|0,6|0,6|0,6|0,2,6|0,6|0,6|0,2,6|0,6|0,6|0,3,6|0,6|0,6|0,6|0,6|0,6|0,6|0,6|0,6|0,6|0,6|0,6|0,6|1|1|1|0|0|0|0,6|1|0,6|0,6|0,6|1|0,6|1|1|0,6|0,3,6|1,3|1|1|1|1|1|1|1|1|1|1,3|1|1|1|1|0,6|1|0,6|1|1|0,6|0,6|0,6|1|1|1|0|0|0|0,6|1|0,6|1|0,6|1|0,6|1|1|0,6|0,6|0,3,6|0,6|0,6|0,6|0,6|0,6|0,6|0,6|0,6|0,6|0,3,6|0,6|0,6|0,6|1|0,6|1|0,6|1|1|0,6|0,6|0,6|1|1|1|0|0|0|0,6|3,6|0,6|1|0,6|1|0,6|1|1|0,1,6|0,1,6|0,1,3,6|0,1,6|0,1,6|0,1,6|0,1,6|0,1,6|0,1,6|0,1,6|0,1,6|0,1,6|0,1,3,6|0,1,6|0,1,6|0,1,6|1|0,6|1|0,6|1|1|1|1|1|1|1|1|0|0|0|0,6|3,6|0,6|1|0,6|1|0,6|1|1|0,6|3,6|0,3,6|0,6|0,6|0,6|0,6|0,6|0,6|0,6|0,6|0,6|0,3,6|0,3,6|0,3,6|0,3,6|1,3|0,3,6|1,3|0,3,6|1,3|1,3|0,3,6|0,3,6|0,3,6|1,3|1,3|1|0|0|0|0,6|3,6|0,6|1|0,6|1|0,6|1|1|0,6|1|1,3|1|1|1|1|1|1|1|1|1|1|1|0,6|0,7,6|1|0,6|1|0,6|1|1|0,6|0,6|2,6|1|1,3|1|0|0,1|0,1|0,1,6|3,1,6|0,1,6|1|0,6|1|0,6|1|1|4,3,6|1|1,3|1|1|1|1|1|1|1|1|1|1|1|0,6|0,7,6|1|0,6|1|0,6|0,6|0,6|0,6|0,6|1|1|1,3|1|0|0|0|0,6|3,6|0,6|1|0,6|0,6|0,6|1|1|1,3|1,3|0,3,6|0,3,6|0,3,6|0,3,6|0,3,6|0,3,6|0,3,6|0,3,6|0,3,6|1,3|4,3,6|0,6|0,6|0,7,6|1|0,6|1|1|1|1|0,6|0,6|3,6|4,3,6|1,3|1|0|0|0|0,6|3,6|0,6|1|0,6|1|0,6|1|1|1|1|0,3,6|1|1|1|1|1|0,6|1|0,6|1|1|1|0,6|0,6|1|0,6|3,6|0,6|0,6|1|0,6|0,6|1|1|1|1|0|0|0|0,6|1|0,6|1|0,6|1|0,6|2,6|1|1|1|0,3,6|1|1|1|1|1|0,6|3,6|0,6|1|1|1|0,6|0,6|1|0,6|3,6|0,6|0,6|1|0,6|0,6|3,6|4,3,6|1,4,3|1|0|0|0|0,6|1|0,6|0,6|0,6|1|0,6|0,6|2,6|1|1|0,3,6|0,6|4,3,6|1,3|1,3|0,3,6|0,3,6|3,3,6|0,3,6|1,3|4,3,6|0,6|0,6|0,7,6|1|0,6|0,6|0,6|0,6|1|0,6|0,6|1|1|1|1|0|0|0|0,6|1|0,6|1|0,6|1|2,6|0,6|0,6|0,6|0,6|0,3,6|1|1|1|1|1|0,6|3,6|0,6|1|1|1|0,6|0,7,6|1|0,6|0,1,6|0,1,6|0,1,6|1|0,6|0,6|2,6|1|1|1|0|0|0,1|0,1,6|1|0,6|1|0,6|1|1|1|1|1|1|1,3|1|1|0,6|1|1|0,6|3,6|0,6|2,6|1|1|0,6|0,7,6|1|0,6|0,6|0,6|0,6|1|0,6|0,6|0,6|2,6|1|1|0|0|0|0,6|1|0,6|1|0,6|1|2,6|0,6|0,6|0,6|1|1,3|1|1|0,6|1|1|0,6|3,6|0,6|0,6|1|1|0,6|0,6|1|1|1|1|0,6|1|0,6|0,6|0,6|0,7,6|1|1|0|0|0|0,6|1|0,6|1|0,6|1|0,6|0,6|0,6|0,6|3,6|0,3,6|0,6|0,6|0,6|0,6|0,6|0,6|1|0,6|0,6|0,6|0,6|0,6|0,6|0,6|0,6|0,6|0,6|0,6|1|0,6|0,6|0,6|0,7,6|1|1|0|0|0|0,6|1|0,6|1|0,6|1|0,6|0,6|0,6|0,7,6|1|1,3|1|1|1|1|1|0,6|1|1|1|1|1|1|1|1|1|1|0,6|1|1|1|1|1|0,7,6|1|1|0|0|0|0,6|1|0,6|0,6|0,6|1|0,6|0,6|0,6|0,7,6|1|1,3|1|1|1|1|2,6|0,6|1|1|1|1|1|1|1|1|1|1|0,6|1|1|0,6|0,6|0,6|0,6|1|1|0|0|0|0,7,6|1|1|0,6|1|1|0,6|0,6|0,6|0,6|3,6|0,3,6|0,6|0,6|0,6|0,6|0,6|0,6|1|1|0,6|0,6|0,6|0,6|0,6|0,6|0,6|0,6|0,6|0,6|0,6|0,6|0,6|0,6|2,6|1|1|0|0|0|0,7,6|1|1|0,6|1|1|0,6|0,6|0,6|0,6|3,6|0,3,6|0,6|0,6|0,6|0,6|0,6|0,6|1|1|0,6|1|1|1|1|1|1|1|0,6|1|1|0,6|0,6|2,6|1|1|1|0|0|0|0,7,6|1|1|0,6|0,6|0,6|0,6|0,6|0,6|0,6|1|1,3|1|1|0,6|1|1|1|1|1|0,6|1|1|1|1|0,6|0,6|0,6|0,6|1|1|0,6|0,6|1|1|1|1|0|0|0|0,7,6|1|1|0,6|1|1|0,6|0,6|0,6|0,6|1|1,3|1|1|0,6|1|1|1|1|1|0,6|1|1|1|1|0,6|1|1|1|1|1|0,6|0,6|0,6|4,3,6|1,4,3|1|0|0|0|0,7,6|1|1|0,6|1|1|0,6|0,6|0,6|0,6|0,6|0,3,6|0,6|0,6|0,6|0,6|4,3,6|1,3|1,3|2,2,3,6|0,3,6|1,3|1,3|1,3|2,2,3,6|0,3,6|1,3|1,3|4,3,6|0,6|0,6|0,6|0,6|1|1|1|1|0|0|0|0,6|1|1|4,3,6|1|1|1|1|0,6|0,6|1|1,3|1|1|1|1|1|1|1|0,2,6|0,6|1|1|1|0,2,6|0,6|1|1|1|1|1|1|1|1|1|1|1|0|0|0|0,6|1|1|1,3|1,3|1,3|1,3|1,3|0,3,6|0,3,6|1,3|1,3|1,3|1,3|1,3|1,3|1,3|1,3|1,3|0,2,3,6|0,3,6|1,3|1,3|1,3|0,2,3,6|0,3,6|1,3|1,3|1,3|1,3|1,3|1,3|1,3|1,3|1|1|1|0|0|0|0|3|0|0|0|0,2|0|0,2|0|0|0|0,3,6|0|0|0|0|0|0|0|0,2|0|0|0|0|0,2|0|0|0|0|0|0|0|0|0,3,6|0|0|0|0|0|0|0|0|0|0|0|0,2|0|0,2|0|0|0|0,3,6|0|0|0|0|0|0|0|0,2|0|0|0,1|0,1|0,2,1|0,1|0,1|0,1|0,1|0,1|0,1|0,1|0,1|0,1,3,6|0,1|0|0|0|0|0|0|0|0|0|0|0,2|0|0,2|0|0|0|0,3,6|0|0|0|0|0|0|0|0,2|0|0|0|0|0,2|0|0|0|0|0|0|0|0|0,3,6|0|0|0|0|0|0|0|0|0|0|0|0,2|0|0|0|0|0|0,3,6|0|0|0|0|0|0|0|0,2|0|0|0|0|0,2|0|0|0|0|0|0|0|0|0,3,6|0|0|0|0|0|0|0|0|0|0|0|0,2|0|0|0|0|0|0,3,6|0|0|0|0|0|0|0|0,2|0|0|0|0|0,2|0|0|0|0|0|0|0|0|0,3,6|0|0|0|0|0|0|0|0|0|0,1|0,1|0,2,1|0,1|0,1|0,1|0,1|0,1|0,1,3,6|0,1|0,1|0,1|0|0|0|0|0,2|0|0|0|0|0,2|0|0|0|0|0|0|0|0|0,3,6|0|0|0|0|0|0|0|3|0|0|0|0,2|0|0|0|0|0|0,3,6|0|0|0|0|0|0|0|0,2|0|0|0|0|0,2|0|0|0|0|0|0|0|0|0,3,6|0|0|0|0,6|0,6|0,6|0,6|1|1,3|1,3|1,3|1,3|1,3|1,3|0,6|0,6|1|1,3|1|1|1|1|1|1|1|0,2,6|0,7,6|1|1|0,6|1|1|1|1|1|1|1|1|1|1,3|1|1|1|0,6|0,6|0,6|0,6|3,6|0,3,6|0,6|0,6|0,6|0,6|1,3|0,6|0,6|3,6|0,3,6|0,6|0,6|0,6|0,6|0,7,6|1|1|2,2,6|0,7,6|1|1|0,6|0,6|0,6|0,6|0,6|0,6|0,6|0,6|4,3,6|1,3|1,3|1|1|1|0,6|0,6|0,6|0,7,6|1|1,3|1|1|1|0,6|1,3|1,3|1,3|1,3|1,3|1|1|1|1|0,7,6|1|1|1|0,7,6|1|1|1|1|1|1|0,6|1|1|1|1|1|1|1|1|1|1|1|1|1|1|1,3|1,3|4,3,6|0,6|0,6|0,6|0,6|0,6|0,6|0,6|0,6|0,6|0,6|0,6|0,6|0,6|0,6|0,6|0,6|3,6|0,6|0,6|0,6|0,6|0,6|0,6|3,6|4,3,6|1,5,3|1|1|1|1|1|1|1|1|1|1|1|1|1|1|1|1|1|1|1|1|1|1|1|1|1|1|1|1|1|1|1|1|1|1|1|1|1|1|1|1|1|1|1|1|1|1|
camera angles:38.8261,0.5441;114.4638,0.4543;117.8477,0.4005;-92.4589,0.6095
