Dark Hall
52*41
0.0000*1.0000|0|0
-179,29
Border: Solid




0

1|1|1|1|1|1|1|1|1|1|1|1|1|1|1|1|1|1|1|1|1|1|1|1|1|1|1|1|1|1|1|1|1|1|1|1|1|1|1|1|1|1|1|1|1|1|1|1|1,4,3|1|1|1|1|1|1|1,3|1,3|1,3|1,3|1,3|1,3|1,3|1,3|1,3|1,3|1,3|1,3|1|1|1|1|1|1|1,3|1,3|1,3|1,3|1,3|1,3|1,3|1,4,3|1|1|1|1|1|1|1|1|1,3|1|1|1|1|1|1|1,3|1|1|1|1|1|1|1|1|1|1|1,3|1|1|1|1|1|1|1,3|1|1|1|1|1|1|1|1|1|1|1|1|1|1|1|4,3,6|1|1|1|1|1|1|4,3,6|1|1|1|1|1|1|1|1|1|1|4,3,6|1|1|1|1|1|1|4,3,6|1|1|1|1|1|1|1|1|1|1|1|1|1|1|1|0,6|1|1|1|1|1|1|0,6|1|1|1|1|1|1|1|1|1|1|0,6|1|1|1|1|1|1|0,6|1|1|1|1|1|1|1|1|1|1|1|1|1|1|0|0|0|1|1|1|1|0|0|0|1|1|1|1|1|1|1|1|0|0|0|1|1|1|1|0|0|0|1|1|1|1|1|1|1|1|1|1|1|1|1|0|0|0|0|0|0|0|0|0|0|1|1|1|1|1|1|1|1|0|0|0|0|0|0|0|0|0|0|1|1|1|1|1|1|1|1|1|1|1|1|1|0|0|0|0|0|0|0|0|0|0|1|1|1|1|1|1|1|1|0|0|0|0|0|0|0|0|0|0|1|1|1|1|1|1|1|1|1|1|1|1|1|0,6|0|0|0|0|0|0|0|0|0|1|1|1|1|1|1|1|1|0|0|1|1|0|0|0|0|0|0,6|1|1|1|1|1|1|1|1|1|1|1|1|2,6|0|1|1|0|0|0|0|0|0|0|1|1|1|1|1|1|1|1|0|0|1|1|0|0|0|0|0|0|2,6|1|1|1|1|1|1|1|1|1|1|1|0,6|0|1|1|0|0|0|0|1|1|0|1|1|1|0,6|0,6|0,6|0,6|0,6|0|0|0|0|0|0|0,6|0,6|0|0|0,6|1|1|1|1|1|1|1|1|1|1|1|0,1,6|0,1|0,1|0,1|0,1|0|0|0|1|1|0|3,6|4,3,6|1,3|0,4,1,3,6|0,1,6|0,1,6|0,1,6|0,1,6|0,1|0,1|0,1|0,1|0,1|0,1|0,1,6|0,1,6|0,1|0,1|0,1,6|1|1|1|1|1|1|1|1|1|1|1|0,6|0|1|1|0|0|0|0|0|0|0|1|1|1|0,6|0,6|0,6|0,6|0,6|0|0|0,6|0,6|0|0|0|0|0|0|0,6|1|1|1|1|1|1|1|1|1|1|1|2,6|0|1|1|0|0|0|0|0|0|0|1|1|1|1|1|1|1|1|0|0|0,6|0,6|0|0|0|0|0|0|2,6|1|1|1|1|1|1|1|1|1|1|1|1|0,6|0|0|0|0|0|0|0|0|0|1|1|1|1|1|1|1|1|0|0|0|0|0|0|0|0|0|0,6|1|1|1|1|1|1|1|1|1|1|1|1|1|0|1|1|0|0|0|0|0|0|0|1|1|1|1|1|1|1|1|0|0|0|0,6|0,6|0|0|0|0|0|1|1|1|1|1|1|1|1|1|1|1|1|1|0|1|1|0|0|0|1|1|0|0|1|1|1|1|1|1|1|1|0|0|0|0,6|0,6|0|0|0|0|0|1|1|1|1|1|1|1|1|1|1|1|1|1|0|0|0|0|0|0|1|1|0|0|1|1|1|1|1|1|1|1|0|0|0|0|0|0|0|0|1|1|1|1|1|1|1|1|1|1|1|1|1|1|1|0,6|0|0|0|0|0|0|0|0|0|1|1|1|1|1|1|1|1|0|0|0|0|0|0|0|0|1|1|1|1|1|1|1|1|1|1|1|1|1|1|2,6|0|0|0|0|0|0|0|1|1|0|1|1|1|1|1|1|1|1|0|0|0|0|0|0|0|0|0|0|2,6|1|1|1|1|1|1|1|1|1|1|1|0,6|0|0|0|0|0|0|0|1|1|0|1|1|1|0,6|0,6|0,6|0,6|0,6|0|0|0|0|0|0|0|0|0|0|0,6|1|1|1|1|1|1|1|1|1|1|1|0,1,6|0,1|0,1,6|0,1,6|0,1|0,1|0,1|0,1|0,1|0,1|0,1|3,1,6|4,3,6|1,3|0,3,1,6|0,3,1,6|0,1,6|0,1,6|0,1,6|0,1|0,1|0,1|0,1|0,1|0,1|0,1|0,1|0,1|0,1|0,1,6|1|1|1|1|1|1|1|1|1|1|1|0,6|0|0,6|0,6|0|0|0|0|0|0|0|1|1|1|0,6|0,3,6|0,6|0,6|0,6|0|0|1|1|0|0|0|1|1|0|0,6|1|1|1|1|1|1|1|1|1|1|1|2,6|0|0|0|0|0|0|0|0|0|0|1|1|1|1|1,3|1|1|1|0|0|1|1|0|0|0|1|1|0|2,6|1|1|1|1|1|1|1|1|1|1|1|1|0,6|0|0|0|0|0|1|1|0|0|1|1|1|1|1,3|1|1|1|0|0|0|0|0|0|0|0|0|0,6|1|1|1|1|1|1|1|1|1|1|1|1|2,6|0|0|0|0|0|0|1|1|0|0|1|1|1|1|1,3|1|1|1|0|1|1|0|0|0|0|0|0|0|2,6|1|1|1|1|1|1|1|1|1|1|1|0,6|0|0|0|1|1|0|0|0|0|0|3,6|0,6|0,6|0,6|0,3,6|0,6|0,6|0,6|0|1|1|0|0|0|0|0|0|0|0,6|1|1|1|1|1|1|1|1|1|1|1|0,6|0|0|0|1|1|0|0|0|0|0|3,6|0,6|0,6|0,6|0,3,6|0,6|0,6|0,6|0|0|0|0|0|1|1|0|0|0|0,6|1|1|1|1|1|1|1|1|1|1|1|0,6|0|0|0|0|0|0|0|0|0|0|3,6|0,6|0,6|0,6|0,3,6|0,6|0,6|0,6|0|0|0|0|0|1|1|0|0|0|0,6|1|1|1|1|1|1|1|1|1|1|1|2,6|0|0|0|0|0|0|0|0|0|0|1|1|1|1|1,3|1|1|1|0|0|0|0|0|0|0|0|0|0|2,6|1|1|1|1|1|1|1|1|1|1|1|1|0,6|0|0|0|0|0|0|0|0|0|1|1|1|1|1,3|1|1|1|0|0|0|0|0|0|0|0|0|0,6|1|1|1|1|1|1|1|1|1|1|1|1|2,6|0|0|0|0|0|0|0|0|0|0|1|1|1|1|1,3|1|1|1|0|0|0|0|1|1|0|0|0|0|2,6|1|1|1|1|1|1|1|1|1|1|1|0,6|0|0|0|1|1|0|0|0|0|0|1|1|1|0,6|0,3,6|0,6|0,6|0,6|0|0|0|0|1|1|0|0|0|0|0,6|1|1|1|1|1|1|1|1|1|1|1|0,1,6|0,1|0,1|0,1|1|1|0|0|0|0|0|3,6|4,3,6|1,3|0,6|0,3,6|0,6|0,6|0,6|0|0,1|0,1|0,1|0,1|0,1|0,1|0,1|0,1|0,1|0,1,6|1|1|1|1|1|1|1|1|1|1|1|0,6|0|0|0|0|0|0|0|0|0|0|1|1|1|0,6|0,3,6|0,6|0,6|0,6|0|0|0|0|0|0|0|0|0|0|0,6|1|1|1|1|1|1|1|1|1|1|1|2,6|0|0|0|0|0|0|0|0|0|0|1|1|1|1|1,3|1|1|1|0|0|0|0|0|0|0|0|0|0|2,6|1|1|1|1|1|1|1|1|1|1|1|1|0,6|0|0,6|0,6|0|0|0,6|0,6|0|0|1|1|1|1|1,3|1|1|1|0|0,6|0,6|0|0|0|0|0|0|0,6|1|1|1|1|1|1|1|1|1|1|1|1|2,6|0|0|0,6|0,6|0|0|0,6|0,6|0|0|1|1|1|1|1,3|1|1|1|0|0,6|0,6|0|0|0|1|1|0|0|2,6|1|1|1|1|1|1|1|1|1|1|1|0,6|0|0|0|1|1|0|0|0|0|0|3,6|0,6|0,6|0,6|0,3,6|0,6|0,6|0,6|0|0|0|0|0|0|1|1|0|0|0,6|1|1|1|1|1|1|1|1|1|1|1|0,1,6|0,1|0,1|0,1|1|1|0,1|0,1|0,1|0|0|3,6|0,6|0,6|0,6|0,3,6|0,6|0,6|0,6|0|0|0|0|0|0|0|0|0|0,1|0,1,6|1|1|1|1|1|1|1|1|1|1|1|0,6|0|0|0|0|0|0|0|0,6|0,6|0|3,6|0,6|0,6|0,6|0,3,6|0,6|0,6|0,6|0|0|0|0|0|0|0|0|0|0|0,6|1|1|1|1|1|1|1|1|1|1|1|2,6|0|0|0|0|1|1|0|0,6|0,6|0|1|1|1|1|1,3|1|1|1|0|0|0|0|1|1|0|0|0|0|2,6|1|1|1|1|1|1|1|1|1|1|1|1|0,6|0|0|0|1|1|0|0|1|1|1|1|1|1|1,3|1|1|1|0|0|0|0|1|1|0|0|0|0,6|1|1|1|1|1|1|1|1|1|1|1|1|1|0|0|0|0|0|0|0|0|1|1|1|1|1|1|1,3|1|1|1|0|0|0|0|0|0|0|0|0|0|1|1|1|1|1|1|1|1|1|1|1|1|1|0|0|0|0|0|0|0|0|0|0|1|1|1|1|1,3|1|1|1|0|0|0|0|0|0|0|0|0|0|1|1|1|1|1|1|1|1|1|1|1|1|1|0|0|0|0|0|0|0|0|0|0|1|1|1|1|1,3|1|1|1|0|0|0|0|0|0|0|0|0|0|1|1|1|1|1|1|1|1|1|1|1|1|1|0|0|0|1|1|1|1|0|0|0|1|1|1|1|1,3|1|1|1|0|0|0|1|1|1|1|0|0|0|1|1|1|1|1|1|1|1|1|1|1|1|1|1|0,6|1|1|1|1|1|1|0,6|1|1|1|1|1|1,3|1|1|1|1|0,6|1|1|1|1|1|1|0,6|1|1|1|1|1|1|1|1|1|1|1|1|1|1|1|4,3,6|1|1|1|1|1|1|4,3,6|1|1|1|1|1|1,3|1|1|1|1|4,3,6|1|1|1|1|1|1|4,3,6|1|1|1|1|1|1|1|1|1|1|1|1|1|1|1|1,3|1|1|1|1|1|1|1,3|1|1|1|1|1|1,3|1|1|1|1|1,3|1|1|1|1|1|1|1,3|1|1|1|1|1|1|1|1|1|1|1|1,4,3|1,3|1,3|1,3|1,3|1|1|1|1|1|1|1,4,3|1|1|1|1|1|1,3|1,3|1,3|1,3|1,3|1,3|1|1|1|1|1|1|1,4,3|1|1|1|1|1|1|1|1|1|1|1|1|1|1|1|1|1|1|1|1|1|1|1|1|1|1|1|1|1|1|1|1|1|1|1|1|1|1|1|1|1|1|1|1|1|1|1|1|1|
