Pole Sector
52*40
2.8068*3.7611|0|0
-178,-3
Border: Passable




0

1|1|1|1|1|1|1|1|1|1|1|1|1|1|1|1|1|1|1|1|1|1|1|1|1|1|1|1|1|1|1|1|1|1|1|1|1|1|1|1|1|1|1,3|1,3|1,3|1,3|1,3|1,3|1,3|1,3|1,3|1,3|1,3|1,3|1,3|1,3|1,3|1|1|1|1,3|1,3|1,3|1|1|1,3|1,3|1,3|1,3|1,3|1,3|1,3|1,3|1,3|1,3|1,3|1|1|1|1|1|1|1,3|1|1|1|1|1|1|1|1|1|1|1|1|1|4,3,6|1|1|1|4,3,6|1|1,3|1|1|4,3,6|1|1|1|1|1|1|1|1|1|1,3|1|1|1|1|1|1|1,3|1|1|1|1|1|1|1|1|1|1|1|1|1|0,6|1|1|1|0,6|1|1,3|1|1|0,6|1|1|1|1|1|1|1|1|1|1,3|1|1|1|1|1|1|1,3|1|0,1|0,1|0,1|3,1,6|0,1,6|0,1|0,1|0,1|3,1,6|0,1,6|0,1|0,1|0,1|0,1|3,1,6|0,1,6|0,1|0,2,1|0,1,3,6|0,1,3,6|0,2,1|0,1|0,1|0,1|0,1|0,1|0,1|0,1,7|1|1|1|1,3|1|1|1|1|1|1|1,3|1|2|0|0|3,6|0,6|0|0|0|3,6|0,6|0|0|0|0|3,6|0,6|0|0,2|0,6|0,3,6|0,2|0|0|0|0|0|0|2|1|1|1|1,3|1|1|1|1|1|1|1,3|1|1|0|1|1|1|0|0,7|1|1|1|0|0|0|1|1|1|0|0,2|0,3,6|0,3,6|0,2|0|0|0|0|0|0,7|1|1|1|1|1,3|1|1|1|1|1|1|1,3|4,3,6|0,6|0|1|1|1|0|0,7|1|1|1|0|0|0|1|1|1|0|0,2|0,3,6|0,6|0,2|0|0|0|0|0|0|3,6|4,3,6|1,3|1,3|1,3|1,3|1,3,4|1|1|1|1|1|1|1|0|0|0|0|0|0|0|0|0|0|0|0|0|0|0|0|0,2|0,3,6|0,3,6|0,2|0|0|0|0|0|0|1|1|1|1|1,3|1|1|1|1|1|1|1|1|2|0|0|0|0|0|0,2|0|0|0|0|0|0|0|0|0|0|0,2|0,6|0,3,6|0,2|0|0|0|0|0|0|2|1|1|1|1,3|1|1|1|1|1|1|1|1|0|0|0|0|0,2|0|0,2|0|0|0|0|0|0|0|0|0|0|0,2|0,3,6|0,3,6|0,2|0|0|0|0|0|0|0|1|1|1|1,3|1|1|1|1|1|1|1|1|0|0|0|0|0,2|0|0,2|0|0|0|0|0|0|0|0|0|0|0,2|0,3,6|0,6|0,2|0|0|0|0|0|0|2|1|1|1|1,3|1|1|1|1|1|1|1|1|0|0|0|0|1|1|1|0|0|0|0|0|0|0|0|0|0|0,2|0,3,6|0,3,6|0,2|0|0|0|0|0|0|1|1|1|1|1,3|1|1|1|1|1|1|1|2|0|0|0|0|1,5,3|4,3,6|0,6|0|0|0|0|0|0|0|0|0|0|1|1|1,3|1|0|0|0|0|0|0|3,6|4,3,6|1,3|1,3|1,3|1|1|1|1|1|1|2|0|0|0|0|0|1|1|1|0|0|0|0|0|0|0|0|0|0|1|1,3|1,3|1|0|0|0|0|0|0|1|1|1|1|1|1|1|1|1|1|2,6|0|0|0|0|0|0|1|1|1|0|0|0|0|0|0|0|0|0|0|1|1,3|1|1|0|0|0|0|0|0|2|1|1|1|1|1|1|1|1|0,6|0,6|0|0|0|0|0|0|0|0|0,2|0|0|0|0|0|0|0|0|0|0|2|1,3|1,3|2|0|0|0|0|0|0|0|0|0|0|0|0|0|0|0|0,6|0,6|0|0|0|0|0|0|0|0|0|0|0|0|0|0|0,2|0|0|0|0|0|1|1,3|0|0|0|0|0|0|0|0|0|0|0|0|0|0|0|0|0,6|0,6|0|0|0|0|0|0|0|0|0|0|0|0|0|0|0,2|0|0|0|0|0|1,3|1,3|0|0|0|0|0,1|0,1|0,1|0,1|0,1|0,1|0,1|0,1|0,1|0,1|0,1|0,1|0,6|0,6|0|0|0|0|0|0|0|0|0|0|0,2|0|0|0|0,2|0|0|0|0|0,6|1,3|1|0,6|0|0|0|0|0|0|0|0|0|0|0|0|0|0|0|0,6|0,6|0|0|0|0|0|0|0|0|0|0|0,2|0|1|1|1|0|0|0|0|0,7,6|1,3|1,3|0,6|0|0|0|0|0|0|0|0|0|0|0|0|0|0|0|0,6|0,6|0|0|0|0|0|0|0|0|0|0|0,2|0|1,3|4,3,6|0,6|0|0|0|0|0,7|1|1,3|0,1|0,1|0,1|0,1|0,1|0,1|0,1|0,1|0,1|0,1|0,1|0,1|0,1|0,1|0,1|0,1|0,6|0,6|0|0|0|0|0|0|0|0|1|1|1|0|1|1|1|0|0|0|0|0,7|1|1,3|0|0|0|0|0|0|0|0|0|0|0|0|0|0|0|0|0,6|0,6|0|0|0|0|0|0|0|0|1|1|1|0|1|1|1|0|0|0|0|0|1|1,3|0|0|0|0|0|0|0|0|0|0|0|0|0|0|0|0|0,6|0,6|0|0|0|0|0|0|0|0|1,3|4,3,6|0,6|0|0|0|0|0|0|0|0|0|1|1,3|0|0|0,1|0,1|0,1|0,1|0,1|0,1|0,1|0,1|0,1|0,1|0,1|0,1|0,1|0,1|0,6|0,6|0|0|0|0|0|0|0|0|1|1|1|0|0|0|0|0|0|0|0|0|1|1,3|0|0|0|0|0|0|0|0|0|0|0|0|0|0|0|0|0,6|0,6|0|0|0|0|0,2|0|0|0|0,2|0|0,2|0|0|0|0|0|0|0|0|0|1|1,3|0,1|0,1|0,1|0,1|0|0|0|0|0|0|0|0|0|0|0|0|0,6|0,6|0|0|0|0|0,2|0|0|0|0|0|0,2|0|0|0|0|0|0|0|0|0|1|1,3|0|0|0|0|0|0|0|0|0|0|0|0|0|0|0|0|0,6|0,6|0|0|0|0|0,2|0|0|0|0|0|0,2|0|0,2|0|0|0|0|0|0|0|1|1,3|0|0|0|0|0|0|0|0|0|0|0|0|0|0|0|0|0,6|0,6|0|0|0|0|0,2|0|0|0|0|0|0|0|0,2|0|0|0|0|0|0|0|1|1,3|0|0|0|0|0|0|0,1|0,1|0,1|0,1|0,1|0,1|0,1|0,1|0,1|0,1|0,6|0,6|0|0|0|0,7|1|1|1|0|0|0|0|0|0,2|0|0|0|0|0|0|0|1|1,3|0|0|0|0|0|0|0|0|0|0|0|0|0|0|0|0|0,6|0,6|0|0|0|0,7|1,4,3|4,3,6|0,6|0|0|0|0|0|0,2|0|0|0|0|0|0|0,6|1,3|1,3|0,6|0|0|0|0|0|0|0|0|0|0|0|0,1|0,1|0,1|0,1|0,6|0,6|0|0|0|0,7|1|1|1|0|0|0|0|0|1|1|1|0|0|0|0|0,6|1,3|1|0,1,6|0,1|0,1|0,1|0,1|0,1|0,1|0,1|0,1|0,1|0,1|0,1|0,1|0,1|0,1|0,1|0,6|0,6|0|0|0|0,7|1|1|1|0|0|0|0|0|1|1|1|0|0|0|0|0|1,3|1,3|0|0|0|0|0|0|0|0|0|0|0|0|0|0|0|0|0,6|0,6|0|0|0|0|0,2|0|0|0|0,2|0|0|0|1,5,3|4,3,6|0,6|0|0|0|0|0|1|1,3|0|0|0|0|0|0|0|0|0|0|0|0|0|0|0|0|0,6|0,6|0|0|0|0|0,2|0|0|0|0,2|0|0|0|1|1|1|0|0|0|0|2|1,3|1,3|2|0|0|0|0|0|0|0|0|0|0,1|0,1|0,1|0,1|0,1|0,1|1|2,6|0|0|0|0|0|0|0|0|1|1|1|0|0,2|0|0|0|0|0|0|1|1,3|1|1|0|0|0|0|0|0|2|1|1|1|1|0,6|1|1|1|1|1|2|0|0|0|0|0|0|0|1,3|4,3,6|0,6|0|0|0|0|0|0|0|0|1|1,3|1,3|1|0|0|0|0|0|0|1|1|1|1|1|0,6|1|1|1|1|1|1|2|0|0|0|0|0|0|1|1|1|0|0|0|0|0|0|0|0|1|1|1,3|1|0|0|0|0|0|0|3,6|4,3,6|1,3|1,3|0,3,6|0,3,6|0,7,3,6|1,3|1|1|1|1|1|0|0|0|0|0|0|1|1|1|0|0|0|0|0|0|0|0|0,2|0,3,6|0,3,6|0,2|0|0|0|0|0|0|1|1|1|1|0,6|0,6|0,7,6|1,3|1|1|1|1|1|0|0|0|0|0|0|0,2|0|0|0|0|0|0|0|0|0|0|0,2|0,3,6|0,6|0,2|0|0|0|0|0|0|2|1|1|1|0,6|0,6|0,7,6|1,3|1|1|1|1|1|0|0|0|0|0|0|0,2|0|0|0|0|0|0|0|0|0|0|0,2|0,3,6|0,3,6|0,2|0|0|0|0|0|0|0|1|1|1|0,6|1|0,6|1,3|1|1|1|1|1|2|0|0|0|0|0|0,2|0|0|0|0|0|0|0|0|0|0|0,2|0,6|0,3,6|0,2|0|0|0|0|0|0|2|1|1|1|0,6|1|0,6|1,3|1|1|1|1|1|1|0|0|0|0|0|0,2|0|0|0|0|0|0|0|0|0|0|0,2|0,3,6|0,3,6|0,2|0|0|0|0|0|0|1|1|1|1|0,6|1|0,6|1,3|1|1|1|1,3|4,3,6|0,6|0|0|0|0|0|1|1|1|0|0|0|0|0|0|0|0|0,2|0,3,6|0,6|0,2|0|1|1|1|0|0|3,6|0,6|0,6|0,6|0,6|1|0,6|1,3|1|1|1|1,3|1|1|0|0|0|0|0|1|1|1|0|0|0|0|0|0|0|0|0,2|0,3,6|0,3,6|0,2|0|1|1|1|0|0|1|1|1|1|0,6|1|0,6|1,3|1|1|1|1,3|1|2|0|0|0|0|0|0|3,6|0,6|0|0|0|0|0|0|0|0|0,2|0,6|0,3,6|0,2|0|0|3,6|0,6|0|0|2|1|1|1|0,6|1|0,6|1,3|1|1|1|1,3|1|0,1|0,1|0,1|0,1|0,1|0|0|3,6|0,6|0|0|0|0|0,1|0,1|0,1|0,1|0,2,1|0,1,3,6|0,1,3,6|0,2,1|0,1|0,1|3,1,6|0,1,6|0,1|0,1|0,1|1|1|1|0,6|0,6|0,6|1,3|1|1|1|1,3|1|1|1|1|1|1|1|1|1|1|1|1|1|1|1|1|1|0,6|1|1,3|1|1|0,6|1|1|1|1|1|1|1|1|1|0,6|1|1|1,3|1|1|1|1,3|1|1|1|1|1|1|1|1|1|1|1|1|1|1|1|1|1|4,3,6|1|1,3|1|1|4,3,6|1|1|1|1|1|1|1|1|1|4,3,6|1|1|1,3|1|1|1|1,3|1,3|1,3|1,3|1,3|1,3|1,3|1,3|1,3|1,3|1,3|1,3|1,3|1,3|1,3|1,3|1,3|1,3|1,3|1|1,3|1,3|1,3|1,3|1|1|1|1|1|1|1|1|1|1,3|1,3|1,3|1,3|1|1|1|1|1|1|1|1|1|1|1|1|1|1|1|1|1|1|1|1|1|1|1|1|1|1|1|1|1|1|1|1|1|1|1|1|1|1|1|1|1|
camera angles:-131.3575,0.7433;-104.7954,0.2344;38.8643,1;-89.4535,0.2767
