poles2
72*42
3.5355*3.5355|0|0
23,21
Border: Passable




0

1|1|1|1|1|1|1|1|1|1|1|1|1|1|1|1|1|1|1|1|1|1|1|1|1|1|1|1|1|1|1|1|1|1|1|1|1|1|1|1|1|1|1|1|1|1|1|1|1|1|1|1|1|1|1|1|1|1|1|1|1|1|1|1|1|1|1|1|1|1|1|1|1|1|1|1|1|1|1|1|1|1|1|1|1|1|1|1|1|1|1|1|1|1|1|1|1|1|1|1|1|1|1|1|1|1|1|1|1|1|1|1|1|1|1|1|1|1|1|1|1|1|1|1|1|1|1|1|1|1|1|1|1|1|1|1|1|1|1|1|1|1|1|1|1|1|1|1|1|1|1|1|1|1|1|1|1|1|1|1|1|1|1|1|1|1|1|1|1|1|1|1|1|1|1|1|1|1|1|1|1|1|1|1|1|1|1|1|1|1|1|1|1|1|1|1|1|1|1|1|1|1|1|1|1|1|1|1|1|1|1|1|1|1|1|1|1|1|1|1|1|1|1|1|1|1|1|1|1|1|1|1|1|1|1|1|1|1|1|1|1|1|1|1|1|1|1|1|1|1|1|1|1|1|1|1|1|1|1|1|1|1|1|1|1|1|1|1|1|1|1|1|1|1|1|1|1|1|1|1|1|1|1|1|1|1|1|1|1|1|1|1|1|1|1|1|1|1|1|1|1|1|1|1|1|1|1|1|1|1|1|1|1|1|1|1|1|1|1|1|1|1|1|1|1|1|1|1|1|1|1|1|1|1|1|1|1|1|1|1|1|1|1|1|1|1|1|1|1|1|1|1|1|1|1|1|1|1|1|1|1|1|1|1|1|1|1|1|1|1|1|1|1|1|1|1|1|1|1|1|1|1|1|1|1|1|1|1|1|1|1|1|1|1|1|1|1|1|1|1|1|1|1|1|1|1|1|1|1|1|1|1|1|1|1|1|1|1|1|1|1|1|1|1|1|1|1|1|1|1|1|1|1|1|1|1|1|1|1|1|1|1|1|1|1|1|1|1|1|1|1|1|1|1|1|1|1|1|1|1|1|1|1|1|1|1|1|1|1|1|1|1|1|1,3|1,3|1,3|1,3|1,3|1,3|1,3|1,3|1,3|1,3|1,3|1|1|1|1|1|1|1|1|1|1,3|1,3|1,3|1,3|1,3|1,3|1,3|1,3|1|1|1|1|1|1|1|1|1|1|1|1|1|1|4,3,6|1|1|1|1|1|1|1|1|1|4,3,6|1|1|1|1|1|1|1|1|1|4,3,6|1|1|1|1|1|1|1,3|1|1|1|1|1|1|1|1|1|1|1|1|1|1|0,6|1|1|1|1|1|1|1|1|1|0,6|1|1|1|1|1|1|1|1|1|0,6|1|1|1|1|1|1|1,3|1|1|1|1|1|1|1|1|2|0|0|0|0|3,6|0,6|0,6|1|1|0|0|0|0|0|0|0|0|0|0|0|0|0|0|0|0|0|0|1|1|1|1|1|1,3|1|1|1|1|1|1|1|2|0|0|0|0|0|3,6|0,6|0,7,6|1|1|1|0|0|0|0|0|0|0|0|0|0|0|0|0|0|0|0|0|1|1|1|1|1|1,3|1|1|1|1|1|1|1|0|0|0|0|0|0|3,6|0,6|0,7,6|1|1|1|0,1|0,1|0,1|0,1|0,1|0,1|0,1|0,1|0,1|0,1|0,1|0,1|0,1|0,1|0,1|0,1|0,1|3,6|4,3,6|1,4,3|1|1|1,3|1|1|1|1|1|1|1|0|0|0|0|0|0|3,6|0,6|0,6|1|1|1|0|0|0|0|0|0|0|0|0|0|0|0|0|0|0|0|0,7|1|1|1|1|1|1,3|1|1|1|1|1|1|1|1|0|0|0|0|0|3,6|0,6|0,6|1|1|0|0|0|0|0|0|0|0|0|0|0|0|0|0|0|0|0|0,7|1|1|1|1|1|1,3|1|1|1|1|1|1,3|4,3,6|0|0|0|0|0|0|1|1|0,6|1|0|0|0|0|0|0|1|0,6|1|1|1|0|0|0|0|0|0|0|2|1|1|1|1|1|1,3|1|1|1|1|1|1,3|1|1|0,3,6|0,3,6|0,3,6|0,3,6|0,3,6|1,3|1,3|0,3,6|1,3|0,3,6|0,3,6|0,3,6|0,3,6|0,3,6|0,3,6|1,3|0,3,6|1,3|1,3|1,3|1,3|0,3,6|0,3,6|0,3,6|0,3,6|0,3,6|2,3,6|1,3|1,3|1,3|1|1|1|1,3|1|1|1|1|1|1,3|1,3|0,3,6|0,3,6|0,6|0,6|0,6|0,6|1|1|0,6|1|0,6|0,6|0,6|0,6|0,6|0,6|1|0,6|1|1|1|1|0,1,6|0,1,6|0,1,6|0,1,6|0,1,6|1|1|1|1|1|1|1|1,3|1|1|1|1|1|1|1|1|0|0|0|0|0|1|1|0,6|1|0|0|0|0|0|0|1|0,6|1|1|1|1|0|0|0|0|0|3,6|4,3,6|1,5,3|1|1|1|1|1,3|1|1|1|1|1|1,3|4,3,6|0|0|0|0|0|0|1|1|0,6|1|0|0|0|0|0|0|1|0,6|1|1|1|0|0|0|0|0|0|1|1|1|1|1|1|1|1,3|1|1|1|1|1|1|1|1|0|0|0|0,6|0,6|1|1|0,6|1|0|0|0|0|0|0|1|0,6|1|1|0|0|0|0|0|0|0|3,6|4,3,6|1,5,3|1|1|1|1|1,3|1|1|1|1|1|1|1|0|0|0|0|0,6|0,7,6|1|1|0,6|1|0|0|0|0|0|0|1|0,6|1|1|0|0|0|0|0|0|0|1|1|1|1|1|1|1|1,3|1|1|1|0|0|0|0|0|0|0|0|0|0,7|1|1|0,6|1|0|0|0|0|0|0|1|0,6|1|1|0|0|0|0|0|0|0|0|0|0|0|0|0|0|0,3,6|0|0|0|0|0|0|0|0|0|0|0|0|0,7|1|1|0,6|1|0|0|0|0|0|0|1|0,6|1|1|0|0|0|0|0|0,1|0,1|0,1|0,1|0,1|0,1|0,1|0,1|0,1|0,3,1,6|0,1|0,1|0,1|0|0|0|0|0|0|0|0|0|0|1|1|0,6|1|0|0|0|0|1|1|1|0,6|1|1|0|0|0|0|0|0|0|0|0|0|0|0,1|0,1|0,1|0,3,1,6|0,1|0,1|0,1|0|0|0|0|0|0|0|0|0|0|1|2,6|0,6|1|0|0|0|0|1|1|1|0,6|2,6|1|0|0|0|0|0|0|0|0|0|0|0|0|0|0|0,3,6|0|0|0|0|0|0|0|0|0|0|0|0|0|1|0,6|0,6|1|0|0|0|0|0|0|1|0,6|0,6|1|0,1|0,1|0,1|0,1|0,1|0,1|0,1|0,1|0,1|0,1|0,1|0,1|0,1|0,1|0,3,1,6|0,1|0,1|0,1|0|0|0|0|0|0|0|0|0|0|1|0,6|0,6|1|0|0|0|0|0|0|1|0,6|0,6|1|0|0|0|0|0|0|0|0|0|0|0|0|0|0|0,3,6|0|0|0|0|0|0|0|0|0|0|0|0|0|1|0,6|0,6|1|0|0|0|0|0|0|1|0,6|0,6|1|0|0|0|0|0|0|0|0|0|0|0|0|0|0|0,3,6|0|0|0|0|0|0|0|0|0|0|0|0|0|1|0,6|0,6|1|0|0|0|0|0|0|1|0,6|0,6|1|0|0|0|0|0|0|0|0|0,1|0,1|0,1|0,1|0,1|0,1|0,3,1,6|0,1|0,1|0,1|0|0|0|0|0|0|0|0|0,10|0|1|0,6|0,6|1|0|0,10|0|0|0|0|1|0,6|0,6|1|0|0|0|0|0|0|0|0|0|0|0|0|0|0|0,3,6|0|0|0|0|0|0|0|0|0|0|0|0|0|1|0,6|0,6|1|0|0|0|0|0|0|1|0,6|0,6|1|0|0|0|0,1|0,1|0,1|0,1|0,1|0,1|0,1|0,1|0,1|0,1|0,1|0,3,1,6|0,1|0,1|0,1|0|0|0|0|0|0|0|0|0,6|0,6|1|0,6|0,6|1|0|0|0|0|0|0|1|0,6|0,6|1|0|0|0|0|0|0|0|0|0|0|0|0|0|0|0,3,6|0|0|0|0|0|0|0|0|0|0|0|0,6|0,6|1|0,6|0,6|1|0|0|0|0|0|0|1|0,6|0,6|1|0|0|0|0|0|0|0|0|0|0|0|0,1|0,1|0,1|0,3,1,6|0,1|0,1|0,1|0|0|0|0|0|0|0|0|0|0|1|0,6|0,6|1|0|0|0|0,10|0|0|1|0,6|0,6|1|0|0|0|0|0|0|0|0|0|0|0|0|0|0|0,3,6|0|0|0|0|0|0|0|0|0|0,10|0|0,6|0,6|1|0,6|0,6|1|0|0|0|0|0|0|1|0,6|0,6|1|0|0|0|0|0|0|0|0,10|0|0|0|0|0|0,1|0,3,1,6|0,1|0,1|0,1|0|0|0|0|0|0|0|0|0,6|0,6|1|0,6|0,6|1|0|0|0|0,10|0|0|1|0,6|0,6|1|0,1|0,1|0,1|0,1|0,1|0,1|0|0|0|0|0,1|0,1|0,1|0,1|0,3,1,6|0,1|0,1|0,1|0|0|0|0|0|0|0|0|0|0|1|0,6|0,6|1|0|0|0|0|0|0|1|0,6|0,6|1|0|0|0|0|0|0|0|0|0|0|0|0|0|0|0,3,6|0|0|0|0|0|0|0|0|0|0|0|0|0|1|0,6|2,6|1|0|0|0|0|0|0|1|2,6|0,6|1|0|0|0|0|0|0|0|0|0|0|0|0|0|0|0,3,6|0|0|0|0|0|0|0|0|0|0|0|0|0|1|0,6|1|1|0|0|0|0|0|0,7|1|1|0,6|1|0|0|0|0|0,1|0,1|0,1|0,1|0,1|0,1|0,1|0,1|0,1|0,1|0,3,1,6|0,1|0,1|0,1|0|0|0|0|0|0|0|0|0|0|1|0,6|1|1|0|0|0|0|0|0,7|1|1|0,6|1|0|0|0|0|0|0|0|0|0|0|0|0,1|0,1|0,1|0,3,1,6|0,1|0,1|0,1|0|0|0|0|0|0|0|0|0|0|1|0,6|1|1|0|0|0|0|0|0,7|1|1|0,6|1|0|0|0|0|0|0|0|0|0|0|0|0|0|0|0,3,6|0|0|0|1|1|1|1|0|0|0|0|0|0|3,6|0,6|3,6|0,6|0|0|0|0|0|0,7|1|1|0,6|1|0|0|0,10|0|0|0|0|1|1|1|1|1|1|1|1,3|1|1|1|1|1|1|1|1|0|0|0|0|0|1|0,6|1|1|0|0|0|0|0|0|1|1|0,6|1|0|0,10|0|0|0|0|0|3,6|4,3,6|1,3|1,3|1,3|1|1|1,3|1|1|1|1|1|1,5,3|4,3,6|0|0|0|0|0|0|1|0,6|1|1|1|0|0|0|0|0|1|1|0,6|3,6|0|0|0|0|0|0|0|1|1|1|1|1,3|1|1|1,3|1|1|1|1|1|1|1|1|0|0|0|0|0|1|0,6|1|1|1|1|0|0|0|0|1|1|0,6|1|0|0|0|0|0|0|0|3,6|4,3,6|1,3,4|1|1,3|1|1|1,3|1|1|1|1|1|1,3|1,3|0,3,6|0,3,6|0,6|0,6|0,6|0,6|1|0,6|1|1|1|1|0,1|0|0|0|1|1|0,6|1|0,1,6|0,1,6|0,1,6|0,1,6|0,1,6|0,1,6|0,1,6|1|1|1|1|1,3|1|1|1,3|1|1|1|1|1|1,3|1|1|0,3,6|0,3,6|0,3,6|0,3,6|0,3,6|1,3|0,3,6|1,3|1,3|1,3|1,3|0,3|0,3|0,3|0,3,6|1,3|1,3|0,3,6|1,3|0,3,6|0,3,6|0,3,6|0,3,6|0,3,6|0,3,6|0,3,6|2,3,6|1,3|1,3|1,3|1,3|1|1|1,3|1|1|1|1|1|1,3|4,3,6|0|0|0|0|0|0|1|0,6|1|1|1|0|0|0|0|0|1|1|0,6|1|0|0|0|0|0|0|0|0|2|1|1|1|1|1|1,3|1|1|1|1|1|1|1|1|0|0|0|0|0|0|0|0|0|0|0|0|0|0|0|3,6|0,6|0,6|1|1|0|0|0|0|0|0|0|0,7|1|1|1|1|1|1,3|1|1|1|1|1|1|1|0|0|0|0|0|0|0|0|0|0|0|0|0|0|0|0|3,6|0,6|0,6|1|1|1|0|0|0|0|0|0|0,7|1|1|1|1|1|1,3|1|1|1|1|1|1|1|0|0|0|0|0|0|0|0|0|0|0|0|0|0|0|0|3,6|0,6|0,7,6|1|1|1|0,1|0,1|0,1|0,1|0,1|0,1|0,1|3,6|4,3,6|1,3|1,3|1,3|1,3|1|1|1|1|1|1|1|2|0|0|0|0|0|0|0|0|0|0|0|0|0|0|0|3,6|0,6|0,7,6|1|1|1|0|0|0|0|0|0|0|1|1|1|1|1|1|1|1|1|1|1|1|1|1|2|0|0|0|0|0|0|0|0|0|0|0|0|0|0|3,6|0,6|0,7,6|1|1|0|0|0|0|0|0|0|0|1|1|1|1|1|1|1|1|1|1|1|1|1|1|1|1|1|1|1|1|0,6|1|1|1|1|1|1|1|1|1|0,6|1|1|1|1|1|1|1|1|1|0,6|1|1|1|1|1|1|1|1|1|1|1|1|1|1|1|1|1|1|1|1|1|4,3,6|1|1|1|1|1|1|1|1|1|4,3,6|1|1|1|1|1|1|1|1|1|4,3,6|1|1|1|1|1|1|1|1|1|1|1|1|1|1|1|1|1|1|1|1|1|1,3,5|1|1|1|1|1|1|1|1|1|1,3|1,3|1,3|1,3|1,3|1,3|1,3|1,3|1,3|1,3|1,3|1|1|1|1|1|1|1|1|1|1|1|1|1|1|1|1|1|1|1|1|1|1|1|1|1|1|1|1|1|1|1|1|1|1|1|1|1|1|1|1|1|1|1|1|1|1|1|1|1|1|1|1|1|1|1|1|1|1|1|1|1|1|1|1|1|1|1|1|1|1|1|1|1|1|1|1|1|1|1|1|1|1|1|1|1|1|1|1|1|1|1|1|1|1|1|1|1|1|1|1|1|1|1|1|1|1|1|1|1|1|1|1|1|1|1|1|1|1|1|1|1|1|1|1|1|1|1|1|1|1|1|1|1|1|1|1|1|1|1|1|1|1|1|1|1|1|1|1|1|1|1|1|1|1|1|1|1|1|1|1|1|1|1|1|1|1|1|1|1|1|1|1|1|1|1|1|1|1|1|1|1|1|1|1|1|1|1|1|1|1|1|1|1|1|1|1|1|1|1|1|1|1|1|1|1|1|1|1|1|1|1|1|1|1|1|1|1|1|1|1|1|1|1|1|1|1|1|1|1|1|1|1|1|1|1|1|1|1|1|1|1|1|1|1|1|1|1|1|1|1|1|1|1|1|1|1|1|1|1|1|1|1|1|1|1|1|1|1|1|1|1|1|1|1|1|1|1|1|1|1|1|1|1|1|1|1|1|1|1|1|1|1|1|1|1|1|1|1|1|1|1|1|1|1|1|1|1|1|1|1|1|1|1|1|1|1|1|1|1|1|1|1|1|1|1|1|1|1|1|1|1|1|1|1|1|1|1|1|1|1|1|1|1|1|1|1|1|1|1|1|1|1|1|1|1|1|1|1|1|1|1|1|1|1|1|1|1|1|1|1|1|1|1|1|1|1|1|1|1|1|1|1|1|1|1|1|1|1|1|1|1|1|1|1|1|1|1|1|1|1|1|1|1|1|1|1|1|1|1|1|1|1|1|1|1|1|1|1|1|1|1|1|1|1|1|1|1|1|1|1|1|1|1|1|1|1|1|1|1|1|1|1|1|1|1|1|1|1|1|1|1|1|1|1|1|1|1|1|1|1|1|1|1|1|1|1|1|1|1|1|1|1|
